-2 0.5 0.5 0.5 0.5 0.5
-1.999 0.5 0.5 0.5 0.5 0.5
-1.998 0.5 0.5 0.5 0.5 0.5
-1.997 0.5 0.5 0.5 0.5 0.5
-1.996 0.5 0.5 0.5 0.5 0.5
-1.995 0.5 0.5 0.5 0.5 0.5
-1.994 0.5 0.5 0.5 0.5 0.5
-1.993 0.5 0.5 0.5 0.5 0.5
-1.992 0.5 0.5 0.5 0.5 0.5
-1.991 0.5 0.5 0.5 0.5 0.5
-1.99 0.5 0.5 0.5 0.5 0.5
-1.989 0.5 0.5 0.5 0.5 0.5
-1.988 0.5 0.5 0.5 0.5 0.5
-1.987 0.5 0.5 0.5 0.5 0.5
-1.986 0.5 0.5 0.5 0.5 0.5
-1.985 0.5 0.5 0.5 0.5 0.5
-1.984 0.5 0.5 0.5 0.5 0.5
-1.983 0.5 0.5 0.5 0.5 0.5
-1.982 0.5 0.5 0.5 0.5 0.5
-1.981 0.5 0.5 0.5 0.5 0.5
-1.98 0.5 0.5 0.5 0.5 0.5
-1.979 0.5 0.5 0.5 0.5 0.5
-1.978 0.5 0.5 0.5 0.5 0.5
-1.977 0.5 0.5 0.5 0.5 0.5
-1.976 0.5 0.5 0.5 0.5 0.5
-1.975 0.5 0.5 0.5 0.5 0.5
-1.974 0.5 0.5 0.5 0.5 0.5
-1.973 0.5 0.5 0.5 0.5 0.5
-1.972 0.5 0.5 0.5 0.5 0.5
-1.971 0.5 0.5 0.5 0.5 0.5
-1.97 0.5 0.5 0.5 0.5 0.5
-1.969 0.5 0.5 0.5 0.5 0.5
-1.968 0.5 0.5 0.5 0.5 0.5
-1.967 0.5 0.5 0.5 0.5 0.5
-1.966 0.5 0.5 0.5 0.5 0.5
-1.965 0.5 0.5 0.5 0.5 0.5
-1.964 0.5 0.5 0.5 0.5 0.5
-1.963 0.5 0.5 0.5 0.5 0.5
-1.962 0.5 0.5 0.5 0.5 0.5
-1.961 0.5 0.5 0.5 0.5 0.5
-1.96 0.5 0.5 0.5 0.5 0.5
-1.959 0.5 0.5 0.5 0.5 0.5
-1.958 0.5 0.5 0.5 0.5 0.5
-1.957 0.5 0.5 0.5 0.5 0.5
-1.956 0.5 0.5 0.5 0.5 0.5
-1.955 0.5 0.5 0.5 0.5 0.5
-1.954 0.5 0.5 0.5 0.5 0.5
-1.953 0.5 0.5 0.5 0.5 0.5
-1.952 0.5 0.5 0.5 0.5 0.5
-1.951 0.5 0.5 0.5 0.5 0.5
-1.95 0.5 0.5 0.5 0.5 0.5
-1.949 0.5 0.5 0.5 0.5 0.5
-1.948 0.5 0.5 0.5 0.5 0.5
-1.947 0.5 0.5 0.5 0.5 0.5
-1.946 0.5 0.5 0.5 0.5 0.5
-1.945 0.5 0.5 0.5 0.5 0.5
-1.944 0.5 0.5 0.5 0.5 0.5
-1.943 0.5 0.5 0.5 0.5 0.5
-1.942 0.5 0.5 0.5 0.5 0.5
-1.941 0.5 0.5 0.5 0.5 0.5
-1.94 0.5 0.5 0.5 0.5 0.5
-1.939 0.5 0.5 0.5 0.5 0.5
-1.938 0.5 0.5 0.5 0.5 0.5
-1.937 0.5 0.5 0.5 0.5 0.5
-1.936 0.5 0.5 0.5 0.5 0.5
-1.935 0.5 0.5 0.5 0.5 0.5
-1.934 0.5 0.5 0.5 0.5 0.5
-1.933 0.5 0.5 0.5 0.5 0.5
-1.932 0.5 0.5 0.5 0.5 0.5
-1.931 0.5 0.5 0.5 0.5 0.5
-1.93 0.5 0.5 0.5 0.5 0.5
-1.929 0.5 0.5 0.5 0.5 0.5
-1.928 0.5 0.5 0.5 0.5 0.5
-1.927 0.5 0.5 0.5 0.5 0.5
-1.926 0.5 0.5 0.5 0.5 0.5
-1.925 0.5 0.5 0.5 0.5 0.5
-1.924 0.5 0.5 0.5 0.5 0.5
-1.923 0.5 0.5 0.5 0.5 0.5
-1.922 0.5 0.5 0.5 0.5 0.5
-1.921 0.5 0.5 0.5 0.5 0.5
-1.92 0.5 0.5 0.5 0.5 0.5
-1.919 0.5 0.5 0.5 0.5 0.5
-1.918 0.5 0.5 0.5 0.5 0.5
-1.917 0.5 0.5 0.5 0.5 0.5
-1.916 0.5 0.5 0.5 0.5 0.5
-1.915 0.5 0.5 0.5 0.5 0.5
-1.914 0.5 0.5 0.5 0.5 0.5
-1.913 0.5 0.5 0.5 0.5 0.5
-1.912 0.5 0.5 0.5 0.5 0.5
-1.911 0.5 0.5 0.5 0.5 0.5
-1.91 0.5 0.5 0.5 0.5 0.5
-1.909 0.5 0.5 0.5 0.5 0.5
-1.908 0.5 0.5 0.5 0.5 0.5
-1.907 0.5 0.5 0.5 0.5 0.5
-1.906 0.5 0.5 0.5 0.5 0.5
-1.905 0.5 0.5 0.5 0.5 0.5
-1.904 0.5 0.5 0.5 0.5 0.5
-1.903 0.5 0.5 0.5 0.5 0.5
-1.902 0.5 0.5 0.5 0.5 0.5
-1.901 0.5 0.5 0.5 0.5 0.5
-1.9 0.5 0.5 0.5 0.5 0.5
-1.899 0.5 0.5 0.5 0.5 0.5
-1.898 0.5 0.5 0.5 0.5 0.5
-1.897 0.5 0.5 0.5 0.5 0.5
-1.896 0.5 0.5 0.5 0.5 0.5
-1.895 0.5 0.5 0.5 0.5 0.5
-1.894 0.5 0.5 0.5 0.5 0.5
-1.893 0.5 0.5 0.5 0.5 0.5
-1.892 0.5 0.5 0.5 0.5 0.5
-1.891 0.5 0.5 0.5 0.5 0.5
-1.89 0.5 0.5 0.5 0.5 0.5
-1.889 0.5 0.5 0.5 0.5 0.5
-1.888 0.5 0.5 0.5 0.5 0.5
-1.887 0.5 0.5 0.5 0.5 0.5
-1.886 0.5 0.5 0.5 0.5 0.5
-1.885 0.5 0.5 0.5 0.5 0.5
-1.884 0.5 0.5 0.5 0.5 0.5
-1.883 0.5 0.5 0.5 0.5 0.5
-1.882 0.5 0.5 0.5 0.5 0.5
-1.881 0.5 0.5 0.5 0.5 0.5
-1.88 0.5 0.5 0.5 0.5 0.5
-1.879 0.5 0.5 0.5 0.5 0.5
-1.878 0.5 0.5 0.5 0.5 0.5
-1.877 0.5 0.5 0.5 0.5 0.5
-1.876 0.5 0.5 0.5 0.5 0.5
-1.875 0.5 0.5 0.5 0.5 0.5
-1.874 0.5 0.5 0.5 0.5 0.5
-1.873 0.5 0.5 0.5 0.5 0.5
-1.872 0.5 0.5 0.5 0.5 0.5
-1.871 0.5 0.5 0.5 0.5 0.5
-1.87 0.5 0.5 0.5 0.5 0.5
-1.869 0.5 0.5 0.5 0.5 0.5
-1.868 0.5 0.5 0.5 0.5 0.5
-1.867 0.5 0.5 0.5 0.5 0.5
-1.866 0.5 0.5 0.5 0.5 0.5
-1.865 0.5 0.5 0.5 0.5 0.5
-1.864 0.5 0.5 0.5 0.5 0.5
-1.863 0.5 0.5 0.5 0.5 0.5
-1.862 0.5 0.5 0.5 0.5 0.5
-1.861 0.5 0.5 0.5 0.5 0.5
-1.86 0.5 0.5 0.5 0.5 0.5
-1.859 0.5 0.5 0.5 0.5 0.5
-1.858 0.5 0.5 0.5 0.5 0.5
-1.857 0.5 0.5 0.5 0.5 0.5
-1.856 0.5 0.5 0.5 0.5 0.5
-1.855 0.5 0.5 0.5 0.5 0.5
-1.854 0.5 0.5 0.5 0.5 0.5
-1.853 0.5 0.5 0.5 0.5 0.5
-1.852 0.5 0.5 0.5 0.5 0.5
-1.851 0.5 0.5 0.5 0.5 0.5
-1.85 0.5 0.5 0.5 0.5 0.5
-1.849 0.5 0.5 0.5 0.5 0.5
-1.848 0.5 0.5 0.5 0.5 0.5
-1.847 0.5 0.5 0.5 0.5 0.5
-1.846 0.5 0.5 0.5 0.5 0.5
-1.845 0.5 0.5 0.5 0.5 0.5
-1.844 0.5 0.5 0.5 0.5 0.5
-1.843 0.5 0.5 0.5 0.5 0.5
-1.842 0.5 0.5 0.5 0.5 0.5
-1.841 0.5 0.5 0.5 0.5 0.5
-1.84 0.5 0.5 0.5 0.5 0.5
-1.839 0.5 0.5 0.5 0.5 0.5
-1.838 0.5 0.5 0.5 0.5 0.5
-1.837 0.5 0.5 0.5 0.5 0.5
-1.836 0.5 0.5 0.5 0.5 0.5
-1.835 0.5 0.5 0.5 0.5 0.5
-1.834 0.5 0.5 0.5 0.5 0.5
-1.833 0.5 0.5 0.5 0.5 0.5
-1.832 0.5 0.5 0.5 0.5 0.5
-1.831 0.5 0.5 0.5 0.5 0.5
-1.83 0.5 0.5 0.5 0.5 0.5
-1.829 0.5 0.5 0.5 0.5 0.5
-1.828 0.5 0.5 0.5 0.5 0.5
-1.827 0.5 0.5 0.5 0.5 0.5
-1.826 0.5 0.5 0.5 0.5 0.5
-1.825 0.5 0.5 0.5 0.5 0.5
-1.824 0.5 0.5 0.5 0.5 0.5
-1.823 0.5 0.5 0.5 0.5 0.5
-1.822 0.5 0.5 0.5 0.5 0.5
-1.821 0.5 0.5 0.5 0.5 0.5
-1.82 0.5 0.5 0.5 0.5 0.5
-1.819 0.5 0.5 0.5 0.5 0.5
-1.818 0.5 0.5 0.5 0.5 0.5
-1.817 0.5 0.5 0.5 0.5 0.5
-1.816 0.5 0.5 0.5 0.5 0.5
-1.815 0.5 0.5 0.5 0.5 0.5
-1.814 0.5 0.5 0.5 0.5 0.5
-1.813 0.5 0.5 0.5 0.5 0.5
-1.812 0.5 0.5 0.5 0.5 0.5
-1.811 0.5 0.5 0.5 0.5 0.5
-1.81 0.5 0.5 0.5 0.5 0.5
-1.809 0.5 0.5 0.5 0.5 0.5
-1.808 0.5 0.5 0.5 0.5 0.5
-1.807 0.5 0.5 0.5 0.5 0.5
-1.806 0.5 0.5 0.5 0.5 0.5
-1.805 0.5 0.5 0.5 0.5 0.5
-1.804 0.5 0.5 0.5 0.5 0.5
-1.803 0.5 0.5 0.5 0.5 0.5
-1.802 0.5 0.5 0.5 0.5 0.5
-1.801 0.5 0.5 0.5 0.5 0.5
-1.8 0.5 0.5 0.5 0.5 0.5
-1.799 0.5 0.5 0.5 0.5 0.5
-1.798 0.5 0.5 0.5 0.5 0.5
-1.797 0.5 0.5 0.5 0.5 0.5
-1.796 0.5 0.5 0.5 0.5 0.5
-1.795 0.5 0.5 0.5 0.5 0.5
-1.794 0.5 0.5 0.5 0.5 0.5
-1.793 0.5 0.5 0.5 0.5 0.5
-1.792 0.5 0.5 0.5 0.5 0.5
-1.791 0.5 0.5 0.5 0.5 0.5
-1.79 0.5 0.5 0.5 0.5 0.5
-1.789 0.5 0.5 0.5 0.5 0.5
-1.788 0.5 0.5 0.5 0.5 0.5
-1.787 0.5 0.5 0.5 0.5 0.5
-1.786 0.5 0.5 0.5 0.5 0.5
-1.785 0.5 0.5 0.5 0.5 0.5
-1.784 0.5 0.5 0.5 0.5 0.5
-1.783 0.5 0.5 0.5 0.5 0.5
-1.782 0.5 0.5 0.5 0.5 0.5
-1.781 0.5 0.5 0.5 0.5 0.5
-1.78 0.5 0.5 0.5 0.5 0.5
-1.779 0.5 0.5 0.5 0.5 0.5
-1.778 0.5 0.5 0.5 0.5 0.5
-1.777 0.5 0.5 0.5 0.5 0.5
-1.776 0.5 0.5 0.5 0.5 0.5
-1.775 0.5 0.5 0.5 0.5 0.5
-1.774 0.5 0.5 0.5 0.5 0.5
-1.773 0.5 0.5 0.5 0.5 0.5
-1.772 0.5 0.5 0.5 0.5 0.5
-1.771 0.5 0.5 0.5 0.5 0.5
-1.77 0.5 0.5 0.5 0.5 0.5
-1.769 0.5 0.5 0.5 0.5 0.5
-1.768 0.5 0.5 0.5 0.5 0.5
-1.767 0.5 0.5 0.5 0.5 0.5
-1.766 0.5 0.5 0.5 0.5 0.5
-1.765 0.5 0.5 0.5 0.5 0.5
-1.764 0.5 0.5 0.5 0.5 0.5
-1.763 0.5 0.5 0.5 0.5 0.5
-1.762 0.5 0.5 0.5 0.5 0.5
-1.761 0.5 0.5 0.5 0.5 0.5
-1.76 0.5 0.5 0.5 0.5 0.5
-1.759 0.5 0.5 0.5 0.5 0.5
-1.758 0.5 0.5 0.5 0.5 0.5
-1.757 0.5 0.5 0.5 0.5 0.5
-1.756 0.5 0.5 0.5 0.5 0.5
-1.755 0.5 0.5 0.5 0.5 0.5
-1.754 0.5 0.5 0.5 0.5 0.5
-1.753 0.5 0.5 0.5 0.5 0.5
-1.752 0.5 0.5 0.5 0.5 0.5
-1.751 0.5 0.5 0.5 0.5 0.5
-1.75 0.5 0.5 0.5 0.5 0.5
-1.749 0.5 0.5 0.5 0.5 0.5
-1.748 0.5 0.5 0.5 0.5 0.5
-1.747 0.5 0.5 0.5 0.5 0.5
-1.746 0.5 0.5 0.5 0.5 0.5
-1.745 0.5 0.5 0.5 0.5 0.5
-1.744 0.5 0.5 0.5 0.5 0.5
-1.743 0.5 0.5 0.5 0.5 0.5
-1.742 0.5 0.5 0.5 0.5 0.5
-1.741 0.5 0.5 0.5 0.5 0.5
-1.74 0.5 0.5 0.5 0.5 0.5
-1.739 0.5 0.5 0.5 0.5 0.5
-1.738 0.5 0.5 0.5 0.5 0.5
-1.737 0.5 0.5 0.5 0.5 0.5
-1.736 0.5 0.5 0.5 0.5 0.5
-1.735 0.5 0.5 0.5 0.5 0.5
-1.734 0.5 0.5 0.5 0.5 0.5
-1.733 0.5 0.5 0.5 0.5 0.5
-1.732 0.5 0.5 0.5 0.5 0.5
-1.731 0.5 0.5 0.5 0.5 0.5
-1.73 0.5 0.5 0.5 0.5 0.5
-1.729 0.5 0.5 0.5 0.5 0.5
-1.728 0.5 0.5 0.5 0.5 0.5
-1.727 0.5 0.5 0.5 0.5 0.5
-1.726 0.5 0.5 0.5 0.5 0.5
-1.725 0.5 0.5 0.5 0.5 0.5
-1.724 0.5 0.5 0.5 0.5 0.5
-1.723 0.5 0.5 0.5 0.5 0.5
-1.722 0.5 0.5 0.5 0.5 0.5
-1.721 0.5 0.5 0.5 0.5 0.5
-1.72 0.5 0.5 0.5 0.5 0.5
-1.719 0.5 0.5 0.5 0.5 0.5
-1.718 0.5 0.5 0.5 0.5 0.5
-1.717 0.5 0.5 0.5 0.5 0.5
-1.716 0.5 0.5 0.5 0.5 0.5
-1.715 0.5 0.5 0.5 0.5 0.5
-1.714 0.5 0.5 0.5 0.5 0.5
-1.713 0.5 0.5 0.5 0.5 0.5
-1.712 0.5 0.5 0.5 0.5 0.5
-1.711 0.5 0.5 0.5 0.5 0.5
-1.71 0.5 0.5 0.5 0.5 0.5
-1.709 0.5 0.5 0.5 0.5 0.5
-1.708 0.5 0.5 0.5 0.5 0.5
-1.707 0.5 0.5 0.5 0.5 0.5
-1.706 0.5 0.5 0.5 0.5 0.5
-1.705 0.5 0.5 0.5 0.5 0.5
-1.704 0.5 0.5 0.5 0.5 0.5
-1.703 0.5 0.5 0.5 0.5 0.5
-1.702 0.5 0.5 0.5 0.5 0.5
-1.701 0.5 0.5 0.5 0.5 0.5
-1.7 0.5 0.5 0.5 0.5 0.5
-1.699 0.5 0.5 0.5 0.5 0.5
-1.698 0.5 0.5 0.5 0.5 0.5
-1.697 0.5 0.5 0.5 0.5 0.5
-1.696 0.5 0.5 0.5 0.5 0.5
-1.695 0.5 0.5 0.5 0.5 0.5
-1.694 0.5 0.5 0.5 0.5 0.5
-1.693 0.5 0.5 0.5 0.5 0.5
-1.692 0.5 0.5 0.5 0.5 0.5
-1.691 0.5 0.5 0.5 0.5 0.5
-1.69 0.5 0.5 0.5 0.5 0.5
-1.689 0.5 0.5 0.5 0.5 0.5
-1.688 0.5 0.5 0.5 0.5 0.5
-1.687 0.5 0.5 0.5 0.5 0.5
-1.686 0.5 0.5 0.5 0.5 0.5
-1.685 0.5 0.5 0.5 0.5 0.5
-1.684 0.5 0.5 0.5 0.5 0.5
-1.683 0.5 0.5 0.5 0.5 0.5
-1.682 0.5 0.5 0.5 0.5 0.5
-1.681 0.5 0.5 0.5 0.5 0.5
-1.68 0.5 0.5 0.5 0.5 0.5
-1.679 0.5 0.5 0.5 0.5 0.5
-1.678 0.5 0.5 0.5 0.5 0.5
-1.677 0.5 0.5 0.5 0.5 0.5
-1.676 0.5 0.5 0.5 0.5 0.5
-1.675 0.5 0.5 0.5 0.5 0.5
-1.674 0.5 0.5 0.5 0.5 0.5
-1.673 0.5 0.5 0.5 0.5 0.5
-1.672 0.5 0.5 0.5 0.5 0.5
-1.671 0.5 0.5 0.5 0.5 0.5
-1.67 0.5 0.5 0.5 0.5 0.5
-1.669 0.5 0.5 0.5 0.5 0.5
-1.668 0.5 0.5 0.5 0.5 0.5
-1.667 0.5 0.5 0.5 0.5 0.5
-1.666 0.5 0.5 0.5 0.5 0.5
-1.665 0.5 0.5 0.5 0.5 0.5
-1.664 0.5 0.5 0.5 0.5 0.5
-1.663 0.5 0.5 0.5 0.5 0.5
-1.662 0.5 0.5 0.5 0.5 0.5
-1.661 0.5 0.5 0.5 0.5 0.5
-1.66 0.5 0.5 0.5 0.5 0.5
-1.659 0.5 0.5 0.5 0.5 0.5
-1.658 0.5 0.5 0.5 0.5 0.5
-1.657 0.5 0.5 0.5 0.5 0.5
-1.656 0.5 0.5 0.5 0.5 0.5
-1.655 0.5 0.5 0.5 0.5 0.5
-1.654 0.5 0.5 0.5 0.5 0.5
-1.653 0.5 0.5 0.5 0.5 0.5
-1.652 0.5 0.5 0.5 0.5 0.5
-1.651 0.5 0.5 0.5 0.5 0.5
-1.65 0.5 0.5 0.5 0.5 0.5
-1.649 0.5 0.5 0.5 0.5 0.5
-1.648 0.5 0.5 0.5 0.5 0.5
-1.647 0.5 0.5 0.5 0.5 0.5
-1.646 0.5 0.5 0.5 0.5 0.5
-1.645 0.5 0.5 0.5 0.5 0.5
-1.644 0.5 0.5 0.5 0.5 0.5
-1.643 0.5 0.5 0.5 0.5 0.5
-1.642 0.5 0.5 0.5 0.5 0.5
-1.641 0.5 0.5 0.5 0.5 0.5
-1.64 0.5 0.5 0.5 0.5 0.5
-1.639 0.5 0.5 0.5 0.5 0.5
-1.638 0.5 0.5 0.5 0.5 0.5
-1.637 0.5 0.5 0.5 0.5 0.5
-1.636 0.5 0.5 0.5 0.5 0.5
-1.635 0.5 0.5 0.5 0.5 0.5
-1.634 0.5 0.5 0.5 0.5 0.5
-1.633 0.5 0.5 0.5 0.5 0.5
-1.632 0.5 0.5 0.5 0.5 0.5
-1.631 0.5 0.5 0.5 0.5 0.5
-1.63 0.5 0.5 0.5 0.5 0.5
-1.629 0.5 0.5 0.5 0.5 0.5
-1.628 0.5 0.5 0.5 0.5 0.5
-1.627 0.5 0.5 0.5 0.5 0.5
-1.626 0.5 0.5 0.5 0.5 0.5
-1.625 0.5 0.5 0.5 0.5 0.5
-1.624 0.5 0.5 0.5 0.5 0.5
-1.623 0.5 0.5 0.5 0.5 0.5
-1.622 0.5 0.5 0.5 0.5 0.5
-1.621 0.5 0.5 0.5 0.5 0.5
-1.62 0.5 0.5 0.5 0.5 0.5
-1.619 0.5 0.5 0.5 0.5 0.5
-1.618 0.5 0.5 0.5 0.5 0.5
-1.617 0.5 0.5 0.5 0.5 0.5
-1.616 0.5 0.5 0.5 0.5 0.5
-1.615 0.5 0.5 0.5 0.5 0.5
-1.614 0.5 0.5 0.5 0.5 0.5
-1.613 0.5 0.5 0.5 0.5 0.5
-1.612 0.5 0.5 0.5 0.5 0.5
-1.611 0.5 0.5 0.5 0.5 0.5
-1.61 0.5 0.5 0.5 0.5 0.5
-1.609 0.5 0.5 0.5 0.5 0.5
-1.608 0.5 0.5 0.5 0.5 0.5
-1.607 0.5 0.5 0.5 0.5 0.5
-1.606 0.5 0.5 0.5 0.5 0.5
-1.605 0.5 0.5 0.5 0.5 0.5
-1.604 0.5 0.5 0.5 0.5 0.5
-1.603 0.5 0.5 0.5 0.5 0.5
-1.602 0.5 0.5 0.5 0.5 0.5
-1.601 0.5 0.5 0.5 0.5 0.5
-1.6 0.5 0.5 0.5 0.5 0.5
-1.599 0.5 0.5 0.5 0.5 0.5
-1.598 0.5 0.5 0.5 0.5 0.5
-1.597 0.5 0.5 0.5 0.5 0.5
-1.596 0.5 0.5 0.5 0.5 0.5
-1.595 0.5 0.5 0.5 0.5 0.5
-1.594 0.5 0.5 0.5 0.5 0.5
-1.593 0.5 0.5 0.5 0.5 0.5
-1.592 0.5 0.5 0.5 0.5 0.5
-1.591 0.5 0.5 0.5 0.5 0.5
-1.59 0.5 0.5 0.5 0.5 0.5
-1.589 0.5 0.5 0.5 0.5 0.5
-1.588 0.5 0.5 0.5 0.5 0.5
-1.587 0.5 0.5 0.5 0.5 0.5
-1.586 0.5 0.5 0.5 0.5 0.5
-1.585 0.5 0.5 0.5 0.5 0.5
-1.584 0.5 0.5 0.5 0.5 0.5
-1.583 0.5 0.5 0.5 0.5 0.5
-1.582 0.5 0.5 0.5 0.5 0.5
-1.581 0.5 0.5 0.5 0.5 0.5
-1.58 0.5 0.5 0.5 0.5 0.5
-1.579 0.5 0.5 0.5 0.5 0.5
-1.578 0.5 0.5 0.5 0.5 0.5
-1.577 0.5 0.5 0.5 0.5 0.5
-1.576 0.5 0.5 0.5 0.5 0.5
-1.575 0.5 0.5 0.5 0.5 0.5
-1.574 0.5 0.5 0.5 0.5 0.5
-1.573 0.5 0.5 0.5 0.5 0.5
-1.572 0.5 0.5 0.5 0.5 0.5
-1.571 0.5 0.5 0.5 0.5 0.5
-1.57 0.5 0.5 0.5 0.5 0.5
-1.569 0.5 0.5 0.5 0.5 0.5
-1.568 0.5 0.5 0.5 0.5 0.5
-1.567 0.5 0.5 0.5 0.5 0.5
-1.566 0.5 0.5 0.5 0.5 0.5
-1.565 0.5 0.5 0.5 0.5 0.5
-1.564 0.5 0.5 0.5 0.5 0.5
-1.563 0.5 0.5 0.5 0.5 0.5
-1.562 0.5 0.5 0.5 0.5 0.5
-1.561 0.5 0.5 0.5 0.5 0.5
-1.56 0.5 0.5 0.5 0.5 0.5
-1.559 0.5 0.5 0.5 0.5 0.5
-1.558 0.5 0.5 0.5 0.5 0.5
-1.557 0.5 0.5 0.5 0.5 0.5
-1.556 0.5 0.5 0.5 0.5 0.5
-1.555 0.5 0.5 0.5 0.5 0.5
-1.554 0.5 0.5 0.5 0.5 0.5
-1.553 0.5 0.5 0.5 0.5 0.5
-1.552 0.5 0.5 0.5 0.5 0.5
-1.551 0.5 0.5 0.5 0.5 0.5
-1.55 0.5 0.5 0.5 0.5 0.5
-1.549 0.5 0.5 0.5 0.5 0.5
-1.548 0.5 0.5 0.5 0.5 0.5
-1.547 0.5 0.5 0.5 0.5 0.5
-1.546 0.5 0.5 0.5 0.5 0.5
-1.545 0.5 0.5 0.5 0.5 0.5
-1.544 0.5 0.5 0.5 0.5 0.5
-1.543 0.5 0.5 0.5 0.5 0.5
-1.542 0.5 0.5 0.5 0.5 0.5
-1.541 0.5 0.5 0.5 0.5 0.5
-1.54 0.5 0.5 0.5 0.5 0.5
-1.539 0.5 0.5 0.5 0.5 0.5
-1.538 0.5 0.5 0.5 0.5 0.5
-1.537 0.5 0.5 0.5 0.5 0.5
-1.536 0.5 0.5 0.5 0.5 0.5
-1.535 0.5 0.5 0.5 0.5 0.5
-1.534 0.5 0.5 0.5 0.5 0.5
-1.533 0.5 0.5 0.5 0.5 0.5
-1.532 0.5 0.5 0.5 0.5 0.5
-1.531 0.5 0.5 0.5 0.5 0.5
-1.53 0.5 0.5 0.5 0.5 0.5
-1.529 0.5 0.5 0.5 0.5 0.5
-1.528 0.5 0.5 0.5 0.5 0.5
-1.527 0.5 0.5 0.5 0.5 0.5
-1.526 0.5 0.5 0.5 0.5 0.5
-1.525 0.5 0.5 0.5 0.5 0.5
-1.524 0.5 0.5 0.5 0.5 0.5
-1.523 0.5 0.5 0.5 0.5 0.5
-1.522 0.5 0.5 0.5 0.5 0.5
-1.521 0.5 0.5 0.5 0.5 0.5
-1.52 0.5 0.5 0.5 0.5 0.5
-1.519 0.5 0.5 0.5 0.5 0.5
-1.518 0.5 0.5 0.5 0.5 0.5
-1.517 0.5 0.5 0.5 0.5 0.5
-1.516 0.5 0.5 0.5 0.5 0.5
-1.515 0.5 0.5 0.5 0.5 0.5
-1.514 0.5 0.5 0.5 0.5 0.5
-1.513 0.5 0.5 0.5 0.5 0.5
-1.512 0.5 0.5 0.5 0.5 0.5
-1.511 0.5 0.5 0.5 0.5 0.5
-1.51 0.5 0.5 0.5 0.5 0.5
-1.509 0.5 0.5 0.5 0.5 0.5
-1.508 0.5 0.5 0.5 0.5 0.5
-1.507 0.5 0.5 0.5 0.5 0.5
-1.506 0.5 0.5 0.5 0.5 0.5
-1.505 0.5 0.5 0.5 0.5 0.5
-1.504 0.5 0.5 0.5 0.5 0.5
-1.503 0.5 0.5 0.5 0.5 0.5
-1.502 0.5 0.5 0.5 0.5 0.5
-1.501 0.5 0.5 0.5 0.5 0.5
-1.5 0.5 0.5 0.5 0.5 0.5
-1.499 0.5 0.5 0.5 0.5 0.5
-1.498 0.5 0.5 0.5 0.5 0.5
-1.497 0.5 0.5 0.5 0.5 0.5
-1.496 0.5 0.5 0.5 0.5 0.5
-1.495 0.5 0.5 0.5 0.5 0.5
-1.494 0.5 0.5 0.5 0.5 0.5
-1.493 0.5 0.5 0.5 0.5 0.5
-1.492 0.5 0.5 0.5 0.5 0.5
-1.491 0.5 0.5 0.5 0.5 0.5
-1.49 0.5 0.5 0.5 0.5 0.5
-1.489 0.5 0.5 0.5 0.5 0.5
-1.488 0.5 0.5 0.5 0.5 0.5
-1.487 0.5 0.5 0.5 0.5 0.5
-1.486 0.5 0.5 0.5 0.5 0.5
-1.485 0.5 0.5 0.5 0.5 0.5
-1.484 0.5 0.5 0.5 0.5 0.5
-1.483 0.5 0.5 0.5 0.5 0.5
-1.482 0.5 0.5 0.5 0.5 0.5
-1.481 0.5 0.5 0.5 0.5 0.5
-1.48 0.5 0.5 0.5 0.5 0.5
-1.479 0.5 0.5 0.5 0.5 0.5
-1.478 0.5 0.5 0.5 0.5 0.5
-1.477 0.5 0.5 0.5 0.5 0.5
-1.476 0.5 0.5 0.5 0.5 0.5
-1.475 0.5 0.5 0.5 0.5 0.5
-1.474 0.5 0.5 0.5 0.5 0.5
-1.473 0.5 0.5 0.5 0.5 0.5
-1.472 0.5 0.5 0.5 0.5 0.5
-1.471 0.5 0.5 0.5 0.5 0.5
-1.47 0.5 0.5 0.5 0.5 0.5
-1.469 0.5 0.5 0.5 0.5 0.5
-1.468 0.5 0.5 0.5 0.5 0.5
-1.467 0.5 0.5 0.5 0.5 0.5
-1.466 0.5 0.5 0.5 0.5 0.5
-1.465 0.5 0.5 0.5 0.5 0.5
-1.464 0.5 0.5 0.5 0.5 0.5
-1.463 0.5 0.5 0.5 0.5 0.5
-1.462 0.5 0.5 0.5 0.5 0.5
-1.461 0.5 0.5 0.5 0.5 0.5
-1.46 0.5 0.5 0.5 0.5 0.5
-1.459 0.5 0.5 0.5 0.5 0.5
-1.458 0.5 0.5 0.5 0.5 0.5
-1.457 0.5 0.5 0.5 0.5 0.5
-1.456 0.5 0.5 0.5 0.5 0.5
-1.455 0.5 0.5 0.5 0.5 0.5
-1.454 0.5 0.5 0.5 0.5 0.5
-1.453 0.5 0.5 0.5 0.5 0.5
-1.452 0.5 0.5 0.5 0.5 0.5
-1.451 0.5 0.5 0.5 0.5 0.5
-1.45 0.5 0.5 0.5 0.5 0.5
-1.449 0.5 0.5 0.5 0.5 0.5
-1.448 0.5 0.5 0.5 0.5 0.5
-1.447 0.5 0.5 0.5 0.5 0.5
-1.446 0.5 0.5 0.5 0.5 0.5
-1.445 0.5 0.5 0.5 0.5 0.5
-1.444 0.5 0.5 0.5 0.5 0.5
-1.443 0.5 0.5 0.5 0.5 0.5
-1.442 0.5 0.5 0.5 0.5 0.5
-1.441 0.5 0.5 0.5 0.5 0.5
-1.44 0.5 0.5 0.5 0.5 0.5
-1.439 0.5 0.5 0.5 0.5 0.5
-1.438 0.5 0.5 0.5 0.5 0.5
-1.437 0.5 0.5 0.5 0.5 0.5
-1.436 0.5 0.5 0.5 0.5 0.5
-1.435 0.5 0.5 0.5 0.5 0.5
-1.434 0.5 0.5 0.5 0.5 0.5
-1.433 0.5 0.5 0.5 0.5 0.5
-1.432 0.5 0.5 0.5 0.5 0.5
-1.431 0.5 0.5 0.5 0.5 0.5
-1.43 0.5 0.5 0.5 0.5 0.5
-1.429 0.5 0.5 0.5 0.5 0.5
-1.428 0.5 0.5 0.5 0.5 0.5
-1.427 0.5 0.5 0.5 0.5 0.5
-1.426 0.5 0.5 0.5 0.5 0.5
-1.425 0.5 0.5 0.5 0.5 0.5
-1.424 0.5 0.5 0.5 0.5 0.5
-1.423 0.5 0.5 0.5 0.5 0.5
-1.422 0.5 0.5 0.5 0.5 0.5
-1.421 0.5 0.5 0.5 0.5 0.5
-1.42 0.5 0.5 0.5 0.5 0.5
-1.419 0.5 0.5 0.5 0.5 0.5
-1.418 0.5 0.5 0.5 0.5 0.5
-1.417 0.5 0.5 0.5 0.5 0.5
-1.416 0.5 0.5 0.5 0.5 0.5
-1.415 0.5 0.5 0.5 0.5 0.5
-1.414 0.5 0.5 0.5 0.5 0.5
-1.413 0.5 0.5 0.5 0.5 0.5
-1.412 0.5 0.5 0.5 0.5 0.5
-1.411 0.5 0.5 0.5 0.5 0.5
-1.41 0.5 0.5 0.5 0.5 0.5
-1.409 0.5 0.5 0.5 0.5 0.5
-1.408 0.5 0.5 0.5 0.5 0.5
-1.407 0.5 0.5 0.5 0.5 0.5
-1.406 0.5 0.5 0.5 0.5 0.5
-1.405 0.5 0.5 0.5 0.5 0.5
-1.404 0.5 0.5 0.5 0.5 0.5
-1.403 0.5 0.5 0.5 0.5 0.5
-1.402 0.5 0.5 0.5 0.5 0.5
-1.401 0.5 0.5 0.5 0.5 0.5
-1.4 0.5 0.5 0.5 0.5 0.5
-1.399 0.5 0.5 0.5 0.5 0.5
-1.398 0.5 0.5 0.5 0.5 0.5
-1.397 0.5 0.5 0.5 0.5 0.5
-1.396 0.5 0.5 0.5 0.5 0.5
-1.395 0.5 0.5 0.5 0.5 0.5
-1.394 0.5 0.5 0.5 0.5 0.5
-1.393 0.5 0.5 0.5 0.5 0.5
-1.392 0.5 0.5 0.5 0.5 0.5
-1.391 0.5 0.5 0.5 0.5 0.5
-1.39 0.5 0.5 0.5 0.5 0.5
-1.389 0.5 0.5 0.5 0.5 0.5
-1.388 0.5 0.5 0.5 0.5 0.5
-1.387 0.5 0.5 0.5 0.5 0.5
-1.386 0.5 0.5 0.5 0.5 0.5
-1.385 0.5 0.5 0.5 0.5 0.5
-1.384 0.5 0.5 0.5 0.5 0.5
-1.383 0.5 0.5 0.5 0.5 0.5
-1.382 0.5 0.5 0.5 0.5 0.5
-1.381 0.5 0.5 0.5 0.5 0.5
-1.38 0.5 0.5 0.5 0.5 0.5
-1.379 0.5 0.5 0.5 0.5 0.5
-1.378 0.5 0.5 0.5 0.5 0.5
-1.377 0.5 0.5 0.5 0.5 0.5
-1.376 0.5 0.5 0.5 0.5 0.5
-1.375 0.5 0.5 0.5 0.5 0.5
-1.374 0.5 0.5 0.5 0.5 0.5
-1.373 0.5 0.5 0.5 0.5 0.5
-1.372 0.5 0.5 0.5 0.5 0.5
-1.371 0.5 0.5 0.5 0.5 0.5
-1.37 0.5 0.5 0.5 0.5 0.5
-1.369 0.5 0.5 0.5 0.5 0.5
-1.368 0.5 0.5 0.5 0.5 0.5
-1.367 0.5 0.5 0.5 0.5 0.5
-1.366 0.5 0.5 0.5 0.5 0.5
-1.365 0.5 0.5 0.5 0.5 0.5
-1.364 0.5 0.5 0.5 0.5 0.5
-1.363 0.5 0.5 0.5 0.5 0.5
-1.362 0.5 0.5 0.5 0.5 0.5
-1.361 0.5 0.5 0.5 0.5 0.5
-1.36 0.5 0.5 0.5 0.5 0.5
-1.359 0.5 0.5 0.5 0.5 0.5
-1.358 0.5 0.5 0.5 0.5 0.5
-1.357 0.5 0.5 0.5 0.5 0.5
-1.356 0.5 0.5 0.5 0.5 0.5
-1.355 0.5 0.5 0.5 0.5 0.5
-1.354 0.5 0.5 0.5 0.5 0.5
-1.353 0.5 0.5 0.5 0.5 0.5
-1.352 0.5 0.5 0.5 0.5 0.5
-1.351 0.5 0.5 0.5 0.5 0.5
-1.35 0.5 0.5 0.5 0.5 0.5
-1.349 0.5 0.5 0.5 0.5 0.5
-1.348 0.5 0.5 0.5 0.5 0.5
-1.347 0.5 0.5 0.5 0.5 0.5
-1.346 0.5 0.5 0.5 0.5 0.5
-1.345 0.5 0.5 0.5 0.5 0.5
-1.344 0.5 0.5 0.5 0.5 0.5
-1.343 0.5 0.5 0.5 0.5 0.5
-1.342 0.5 0.5 0.5 0.5 0.5
-1.341 0.5 0.5 0.5 0.5 0.5
-1.34 0.5 0.5 0.5 0.5 0.5
-1.339 0.5 0.5 0.5 0.5 0.5
-1.338 0.5 0.5 0.5 0.5 0.5
-1.337 0.5 0.5 0.5 0.5 0.5
-1.336 0.5 0.5 0.5 0.5 0.5
-1.335 0.5 0.5 0.5 0.5 0.5
-1.334 0.5 0.5 0.5 0.5 0.5
-1.333 0.5 0.5 0.5 0.5 0.5
-1.332 0.5 0.5 0.5 0.5 0.5
-1.331 0.5 0.5 0.5 0.5 0.5
-1.33 0.5 0.5 0.5 0.5 0.5
-1.329 0.5 0.5 0.5 0.5 0.5
-1.328 0.5 0.5 0.5 0.5 0.5
-1.327 0.5 0.5 0.5 0.5 0.5
-1.326 0.5 0.5 0.5 0.5 0.5
-1.325 0.5 0.5 0.5 0.5 0.5
-1.324 0.5 0.5 0.5 0.5 0.5
-1.323 0.5 0.5 0.5 0.5 0.5
-1.322 0.5 0.5 0.5 0.5 0.5
-1.321 0.5 0.5 0.5 0.5 0.5
-1.32 0.5 0.5 0.5 0.5 0.5
-1.319 0.5 0.5 0.5 0.5 0.5
-1.318 0.5 0.5 0.5 0.5 0.5
-1.317 0.5 0.5 0.5 0.5 0.5
-1.316 0.5 0.5 0.5 0.5 0.5
-1.315 0.5 0.5 0.5 0.5 0.5
-1.314 0.5 0.5 0.5 0.5 0.5
-1.313 0.5 0.5 0.5 0.5 0.5
-1.312 0.5 0.5 0.5 0.5 0.5
-1.311 0.5 0.5 0.5 0.5 0.5
-1.31 0.5 0.5 0.5 0.5 0.5
-1.309 0.5 0.5 0.5 0.5 0.5
-1.308 0.5 0.5 0.5 0.5 0.5
-1.307 0.5 0.5 0.5 0.5 0.5
-1.306 0.5 0.5 0.5 0.5 0.5
-1.305 0.5 0.5 0.5 0.5 0.5
-1.304 0.5 0.5 0.5 0.5 0.5
-1.303 0.5 0.5 0.5 0.5 0.5
-1.302 0.5 0.5 0.5 0.5 0.5
-1.301 0.5 0.5 0.5 0.5 0.5
-1.3 0.5 0.5 0.5 0.5 0.5
-1.299 0.5 0.5 0.5 0.5 0.5
-1.298 0.5 0.5 0.5 0.5 0.5
-1.297 0.5 0.5 0.5 0.5 0.5
-1.296 0.5 0.5 0.5 0.5 0.5
-1.295 0.5 0.5 0.5 0.5 0.5
-1.294 0.5 0.5 0.5 0.5 0.5
-1.293 0.5 0.5 0.5 0.5 0.5
-1.292 0.5 0.5 0.5 0.5 0.5
-1.291 0.5 0.5 0.5 0.5 0.5
-1.29 0.5 0.5 0.5 0.5 0.5
-1.289 0.5 0.5 0.5 0.5 0.5
-1.288 0.5 0.5 0.5 0.5 0.5
-1.287 0.5 0.5 0.5 0.5 0.5
-1.286 0.5 0.5 0.5 0.5 0.5
-1.285 0.5 0.5 0.5 0.5 0.5
-1.284 0.5 0.5 0.5 0.5 0.5
-1.283 0.5 0.5 0.5 0.5 0.5
-1.282 0.5 0.5 0.5 0.5 0.5
-1.281 0.5 0.5 0.5 0.5 0.5
-1.28 0.5 0.5 0.5 0.5 0.5
-1.279 0.5 0.5 0.5 0.5 0.5
-1.278 0.5 0.5 0.5 0.5 0.5
-1.277 0.5 0.5 0.5 0.5 0.5
-1.276 0.5 0.5 0.5 0.5 0.5
-1.275 0.5 0.5 0.5 0.5 0.5
-1.274 0.5 0.5 0.5 0.5 0.5
-1.273 0.5 0.5 0.5 0.5 0.5
-1.272 0.5 0.5 0.5 0.5 0.5
-1.271 0.5 0.5 0.5 0.5 0.5
-1.27 0.5 0.5 0.5 0.5 0.5
-1.269 0.5 0.5 0.5 0.5 0.5
-1.268 0.5 0.5 0.5 0.5 0.5
-1.267 0.5 0.5 0.5 0.5 0.5
-1.266 0.5 0.5 0.5 0.5 0.5
-1.265 0.5 0.5 0.5 0.5 0.5
-1.264 0.5 0.5 0.5 0.5 0.5
-1.263 0.5 0.5 0.5 0.5 0.5
-1.262 0.5 0.5 0.5 0.5 0.5
-1.261 0.5 0.5 0.5 0.5 0.5
-1.26 0.5 0.5 0.5 0.5 0.5
-1.259 0.5 0.5 0.5 0.5 0.5
-1.258 0.5 0.5 0.5 0.5 0.5
-1.257 0.5 0.5 0.5 0.5 0.5
-1.256 0.5 0.5 0.5 0.5 0.5
-1.255 0.5 0.5 0.5 0.5 0.5
-1.254 0.5 0.5 0.5 0.5 0.5
-1.253 0.5 0.5 0.5 0.5 0.5
-1.252 0.5 0.5 0.5 0.5 0.5
-1.251 0.5 0.5 0.5 0.5 0.5
-1.25 0.5 0.5 0.5 0.5 0.5
-1.249 0.5 0.5 0.5 0.5 0.5
-1.248 0.5 0.5 0.5 0.5 0.5
-1.247 0.5 0.5 0.5 0.5 0.5
-1.246 0.5 0.5 0.5 0.5 0.5
-1.245 0.5 0.5 0.5 0.5 0.5
-1.244 0.5 0.5 0.5 0.5 0.5
-1.243 0.5 0.5 0.5 0.5 0.5
-1.242 0.5 0.5 0.5 0.5 0.5
-1.241 0.5 0.5 0.5 0.5 0.5
-1.24 0.5 0.5 0.5 0.5 0.5
-1.239 0.5 0.5 0.5 0.5 0.5
-1.238 0.5 0.5 0.5 0.5 0.5
-1.237 0.5 0.5 0.5 0.5 0.5
-1.236 0.5 0.5 0.5 0.5 0.5
-1.235 0.5 0.5 0.5 0.5 0.5
-1.234 0.5 0.5 0.5 0.5 0.5
-1.233 0.5 0.5 0.5 0.5 0.5
-1.232 0.5 0.5 0.5 0.5 0.5
-1.231 0.5 0.5 0.5 0.5 0.5
-1.23 0.5 0.5 0.5 0.5 0.5
-1.229 0.5 0.5 0.5 0.5 0.5
-1.228 0.5 0.5 0.5 0.5 0.5
-1.227 0.5 0.5 0.5 0.5 0.5
-1.226 0.5 0.5 0.5 0.5 0.5
-1.225 0.5 0.5 0.5 0.5 0.5
-1.224 0.5 0.5 0.5 0.5 0.5
-1.223 0.5 0.5 0.5 0.5 0.5
-1.222 0.5 0.5 0.5 0.5 0.5
-1.221 0.5 0.5 0.5 0.5 0.5
-1.22 0.5 0.5 0.5 0.5 0.5
-1.219 0.5 0.5 0.5 0.5 0.5
-1.218 0.5 0.5 0.5 0.5 0.5
-1.217 0.5 0.5 0.5 0.5 0.5
-1.216 0.5 0.5 0.5 0.5 0.5
-1.215 0.5 0.5 0.5 0.5 0.5
-1.214 0.5 0.5 0.5 0.5 0.5
-1.213 0.5 0.5 0.5 0.5 0.5
-1.212 0.5 0.5 0.5 0.5 0.5
-1.211 0.5 0.5 0.5 0.5 0.5
-1.21 0.5 0.5 0.5 0.5 0.5
-1.209 0.5 0.5 0.5 0.5 0.5
-1.208 0.5 0.5 0.5 0.5 0.5
-1.207 0.5 0.5 0.5 0.5 0.5
-1.206 0.5 0.5 0.5 0.5 0.5
-1.205 0.5 0.5 0.5 0.5 0.5
-1.204 0.5 0.5 0.5 0.5 0.5
-1.203 0.5 0.5 0.5 0.5 0.5
-1.202 0.5 0.5 0.5 0.5 0.5
-1.201 0.5 0.5 0.5 0.5 0.5
-1.2 0.5 0.5 0.5 0.5 0.5
-1.199 0.5 0.5 0.5 0.5 0.5
-1.198 0.5 0.5 0.5 0.5 0.5
-1.197 0.5 0.5 0.5 0.5 0.5
-1.196 0.5 0.5 0.5 0.5 0.5
-1.195 0.5 0.5 0.5 0.5 0.5
-1.194 0.5 0.5 0.5 0.5 0.5
-1.193 0.5 0.5 0.5 0.5 0.5
-1.192 0.5 0.5 0.5 0.5 0.5
-1.191 0.5 0.5 0.5 0.5 0.5
-1.19 0.5 0.5 0.5 0.5 0.5
-1.189 0.5 0.5 0.5 0.5 0.5
-1.188 0.5 0.5 0.5 0.5 0.5
-1.187 0.5 0.5 0.5 0.5 0.5
-1.186 0.5 0.5 0.5 0.5 0.5
-1.185 0.5 0.5 0.5 0.5 0.5
-1.184 0.5 0.5 0.5 0.5 0.5
-1.183 0.5 0.5 0.5 0.5 0.5
-1.182 0.5 0.5 0.5 0.5 0.5
-1.181 0.5 0.5 0.5 0.5 0.5
-1.18 0.5 0.5 0.5 0.5 0.5
-1.179 0.5 0.5 0.5 0.5 0.5
-1.178 0.5 0.5 0.5 0.5 0.5
-1.177 0.5 0.5 0.5 0.5 0.5
-1.176 0.5 0.5 0.5 0.5 0.5
-1.175 0.5 0.5 0.5 0.5 0.5
-1.174 0.5 0.5 0.5 0.5 0.5
-1.173 0.5 0.5 0.5 0.5 0.5
-1.172 0.5 0.5 0.5 0.5 0.5
-1.171 0.5 0.5 0.5 0.5 0.5
-1.17 0.5 0.5 0.5 0.5 0.5
-1.169 0.5 0.5 0.5 0.5 0.5
-1.168 0.5 0.5 0.5 0.5 0.5
-1.167 0.5 0.5 0.5 0.5 0.5
-1.166 0.5 0.5 0.5 0.5 0.5
-1.165 0.5 0.5 0.5 0.5 0.5
-1.164 0.5 0.5 0.5 0.5 0.5
-1.163 0.5 0.5 0.5 0.5 0.5
-1.162 0.5 0.5 0.5 0.5 0.5
-1.161 0.5 0.5 0.5 0.5 0.5
-1.16 0.5 0.5 0.5 0.5 0.5
-1.159 0.5 0.5 0.5 0.5 0.5
-1.158 0.5 0.5 0.5 0.5 0.5
-1.157 0.5 0.5 0.5 0.5 0.5
-1.156 0.5 0.5 0.5 0.5 0.5
-1.155 0.5 0.5 0.5 0.5 0.5
-1.154 0.5 0.5 0.5 0.5 0.5
-1.153 0.5 0.5 0.5 0.5 0.5
-1.152 0.5 0.5 0.5 0.5 0.5
-1.151 0.5 0.5 0.5 0.5 0.5
-1.15 0.5 0.5 0.5 0.5 0.5
-1.149 0.5 0.5 0.5 0.5 0.5
-1.148 0.5 0.5 0.5 0.5 0.5
-1.147 0.5 0.5 0.5 0.5 0.5
-1.146 0.5 0.5 0.5 0.5 0.5
-1.145 0.5 0.5 0.5 0.5 0.5
-1.144 0.5 0.5 0.5 0.5 0.5
-1.143 0.5 0.5 0.5 0.5 0.5
-1.142 0.5 0.5 0.5 0.5 0.5
-1.141 0.5 0.5 0.5 0.5 0.5
-1.14 0.5 0.5 0.5 0.5 0.5
-1.139 0.5 0.5 0.5 0.5 0.5
-1.138 0.5 0.5 0.5 0.5 0.5
-1.137 0.5 0.5 0.5 0.5 0.5
-1.136 0.5 0.5 0.5 0.5 0.5
-1.135 0.5 0.5 0.5 0.5 0.5
-1.134 0.5 0.5 0.5 0.5 0.5
-1.133 0.5 0.5 0.5 0.5 0.5
-1.132 0.5 0.5 0.5 0.5 0.5
-1.131 0.5 0.5 0.5 0.5 0.5
-1.13 0.5 0.5 0.5 0.5 0.5
-1.129 0.5 0.5 0.5 0.5 0.5
-1.128 0.5 0.5 0.5 0.5 0.5
-1.127 0.5 0.5 0.5 0.5 0.5
-1.126 0.5 0.5 0.5 0.5 0.5
-1.125 0.5 0.5 0.5 0.5 0.5
-1.124 0.5 0.5 0.5 0.5 0.5
-1.123 0.5 0.5 0.5 0.5 0.5
-1.122 0.5 0.5 0.5 0.5 0.5
-1.121 0.5 0.5 0.5 0.5 0.5
-1.12 0.5 0.5 0.5 0.5 0.5
-1.119 0.5 0.5 0.5 0.5 0.5
-1.118 0.5 0.5 0.5 0.5 0.5
-1.117 0.5 0.5 0.5 0.5 0.5
-1.116 0.5 0.5 0.5 0.5 0.5
-1.115 0.5 0.5 0.5 0.5 0.5
-1.114 0.5 0.5 0.5 0.5 0.5
-1.113 0.5 0.5 0.5 0.5 0.5
-1.112 0.5 0.5 0.5 0.5 0.5
-1.111 0.5 0.5 0.5 0.5 0.5
-1.11 0.5 0.5 0.5 0.5 0.5
-1.109 0.5 0.5 0.5 0.5 0.5
-1.108 0.5 0.5 0.5 0.5 0.5
-1.107 0.5 0.5 0.5 0.5 0.5
-1.106 0.5 0.5 0.5 0.5 0.5
-1.105 0.5 0.5 0.5 0.5 0.5
-1.104 0.5 0.5 0.5 0.5 0.5
-1.103 0.5 0.5 0.5 0.5 0.5
-1.102 0.5 0.5 0.5 0.5 0.5
-1.101 0.5 0.5 0.5 0.5 0.5
-1.1 0.5 0.5 0.5 0.5 0.5
-1.099 0.5 0.5 0.5 0.5 0.5
-1.098 0.5 0.5 0.5 0.5 0.5
-1.097 0.5 0.5 0.5 0.5 0.5
-1.096 0.5 0.5 0.5 0.5 0.5
-1.095 0.5 0.5 0.5 0.5 0.5
-1.094 0.5 0.5 0.5 0.5 0.5
-1.093 0.5 0.5 0.5 0.5 0.5
-1.092 0.5 0.5 0.5 0.5 0.5
-1.091 0.5 0.5 0.5 0.5 0.5
-1.09 0.5 0.5 0.5 0.5 0.5
-1.089 0.5 0.5 0.5 0.5 0.5
-1.088 0.5 0.5 0.5 0.5 0.5
-1.087 0.5 0.5 0.5 0.5 0.5
-1.086 0.5 0.5 0.5 0.5 0.5
-1.085 0.5 0.5 0.5 0.5 0.5
-1.084 0.5 0.5 0.5 0.5 0.5
-1.083 0.5 0.5 0.5 0.5 0.5
-1.082 0.5 0.5 0.5 0.5 0.5
-1.081 0.5 0.5 0.5 0.5 0.5
-1.08 0.5 0.5 0.5 0.5 0.5
-1.079 0.5 0.5 0.5 0.5 0.5
-1.078 0.5 0.5 0.5 0.5 0.5
-1.077 0.5 0.5 0.5 0.5 0.5
-1.076 0.5 0.5 0.5 0.5 0.5
-1.075 0.5 0.5 0.5 0.5 0.5
-1.074 0.5 0.5 0.5 0.5 0.5
-1.073 0.5 0.5 0.5 0.5 0.5
-1.072 0.5 0.5 0.5 0.5 0.5
-1.071 0.5 0.5 0.5 0.5 0.5
-1.07 0.5 0.5 0.5 0.5 0.5
-1.069 0.5 0.5 0.5 0.5 0.5
-1.068 0.5 0.5 0.5 0.5 0.5
-1.067 0.5 0.5 0.5 0.5 0.5
-1.066 0.5 0.5 0.5 0.5 0.5
-1.065 0.5 0.5 0.5 0.5 0.5
-1.064 0.5 0.5 0.5 0.5 0.5
-1.063 0.5 0.5 0.5 0.5 0.5
-1.062 0.5 0.5 0.5 0.5 0.5
-1.061 0.5 0.5 0.5 0.5 0.5
-1.06 0.5 0.5 0.5 0.5 0.5
-1.059 0.5 0.5 0.5 0.5 0.5
-1.058 0.5 0.5 0.5 0.5 0.5
-1.057 0.5 0.5 0.5 0.5 0.5
-1.056 0.5 0.5 0.5 0.5 0.5
-1.055 0.5 0.5 0.5 0.5 0.5
-1.054 0.5 0.5 0.5 0.5 0.5
-1.053 0.5 0.5 0.5 0.5 0.5
-1.052 0.5 0.5 0.5 0.5 0.5
-1.051 0.5 0.5 0.5 0.5 0.5
-1.05 0.5 0.5 0.5 0.5 0.5
-1.049 0.5 0.5 0.5 0.5 0.5
-1.048 0.5 0.5 0.5 0.5 0.5
-1.047 0.5 0.5 0.5 0.5 0.5
-1.046 0.5 0.5 0.5 0.5 0.5
-1.045 0.5 0.5 0.5 0.5 0.5
-1.044 0.5 0.5 0.5 0.5 0.5
-1.043 0.5 0.5 0.5 0.5 0.5
-1.042 0.5 0.5 0.5 0.5 0.5
-1.041 0.5 0.5 0.5 0.5 0.5
-1.04 0.5 0.5 0.5 0.5 0.5
-1.039 0.5 0.5 0.5 0.5 0.5
-1.038 0.5 0.5 0.5 0.5 0.5
-1.037 0.5 0.5 0.5 0.5 0.5
-1.036 0.5 0.5 0.5 0.5 0.5
-1.035 0.5 0.5 0.5 0.5 0.5
-1.034 0.5 0.5 0.5 0.5 0.5
-1.033 0.5 0.5 0.5 0.5 0.5
-1.032 0.5 0.5 0.5 0.5 0.5
-1.031 0.5 0.5 0.5 0.5 0.5
-1.03 0.5 0.5 0.5 0.5 0.5
-1.029 0.5 0.5 0.5 0.5 0.5
-1.028 0.5 0.5 0.5 0.5 0.5
-1.027 0.5 0.5 0.5 0.5 0.5
-1.026 0.5 0.5 0.5 0.5 0.5
-1.025 0.5 0.5 0.5 0.5 0.5
-1.024 0.5 0.5 0.5 0.5 0.5
-1.023 0.5 0.5 0.5 0.5 0.5
-1.022 0.5 0.5 0.5 0.5 0.5
-1.021 0.5 0.5 0.5 0.5 0.5
-1.02 0.5 0.5 0.5 0.5 0.5
-1.019 0.5 0.5 0.5 0.5 0.5
-1.018 0.5 0.5 0.5 0.5 0.5
-1.017 0.5 0.5 0.5 0.5 0.5
-1.016 0.5 0.5 0.5 0.5 0.5
-1.015 0.5 0.5 0.5 0.5 0.5
-1.014 0.5 0.5 0.5 0.5 0.5
-1.013 0.5 0.5 0.5 0.5 0.5
-1.012 0.5 0.5 0.5 0.5 0.5
-1.011 0.5 0.5 0.5 0.5 0.5
-1.01 0.5 0.5 0.5 0.5 0.5
-1.009 0.5 0.5 0.5 0.5 0.5
-1.008 0.5 0.5 0.5 0.5 0.5
-1.007 0.5 0.5 0.5 0.5 0.5
-1.006 0.5 0.5 0.5 0.5 0.5
-1.005 0.5 0.5 0.5 0.5 0.5
-1.004 0.5 0.5 0.5 0.5 0.5
-1.003 0.5 0.5 0.5 0.5 0.5
-1.002 0.5 0.5 0.5 0.5 0.5
-1.001 0.5 0.5 0.5 0.5 0.5
-1 0.5 0.5 0.5 0.5 0.5
-0.999 0.5 0.5 0.5 0.5 0.5
-0.998 0.5 0.5 0.5 0.5 0.5
-0.997 0.5 0.5 0.5 0.5 0.5
-0.996 0.5 0.5 0.5 0.5 0.5
-0.995 0.5 0.5 0.5 0.5 0.5
-0.994 0.5 0.5 0.5 0.5 0.5
-0.993 0.5 0.5 0.5 0.5 0.5
-0.992 0.5 0.5 0.5 0.5 0.5
-0.991 0.5 0.5 0.5 0.5 0.5
-0.99 0.5 0.5 0.5 0.5 0.5
-0.989 0.5 0.5 0.5 0.5 0.5
-0.988 0.5 0.5 0.5 0.5 0.5
-0.987 0.5 0.5 0.5 0.5 0.5
-0.986 0.5 0.5 0.5 0.5 0.5
-0.985 0.5 0.5 0.5 0.5 0.5
-0.984 0.5 0.5 0.5 0.5 0.5
-0.983 0.5 0.5 0.5 0.5 0.5
-0.982 0.5 0.5 0.5 0.5 0.5
-0.981 0.5 0.5 0.5 0.5 0.5
-0.98 0.5 0.5 0.5 0.5 0.5
-0.979 0.5 0.5 0.5 0.5 0.5
-0.978 0.5 0.5 0.5 0.5 0.5
-0.977 0.5 0.5 0.5 0.5 0.5
-0.976 0.5 0.5 0.5 0.5 0.5
-0.975 0.5 0.5 0.5 0.5 0.5
-0.974 0.5 0.5 0.5 0.5 0.5
-0.973 0.5 0.5 0.5 0.5 0.5
-0.972 0.5 0.5 0.5 0.5 0.5
-0.971 0.5 0.5 0.5 0.5 0.5
-0.97 0.5 0.5 0.5 0.5 0.5
-0.969 0.5 0.5 0.5 0.5 0.5
-0.968 0.5 0.5 0.5 0.5 0.5
-0.967 0.5 0.5 0.5 0.5 0.5
-0.966 0.5 0.5 0.5 0.5 0.5
-0.965 0.5 0.5 0.5 0.5 0.5
-0.964 0.5 0.5 0.5 0.5 0.5
-0.963 0.5 0.5 0.5 0.5 0.5
-0.962 0.5 0.5 0.5 0.5 0.5
-0.961 0.5 0.5 0.5 0.5 0.5
-0.96 0.5 0.5 0.5 0.5 0.5
-0.959 0.5 0.5 0.5 0.5 0.5
-0.958 0.5 0.5 0.5 0.5 0.5
-0.957 0.5 0.5 0.5 0.5 0.5
-0.956 0.5 0.5 0.5 0.5 0.5
-0.955 0.5 0.5 0.5 0.5 0.5
-0.954 0.5 0.5 0.5 0.5 0.5
-0.953 0.5 0.5 0.5 0.5 0.5
-0.952 0.5 0.5 0.5 0.5 0.5
-0.951 0.5 0.5 0.5 0.5 0.5
-0.95 0.5 0.5 0.5 0.5 0.5
-0.949 0.5 0.5 0.5 0.5 0.5
-0.948 0.5 0.5 0.5 0.5 0.5
-0.947 0.5 0.5 0.5 0.5 0.5
-0.946 0.5 0.5 0.5 0.5 0.5
-0.945 0.5 0.5 0.5 0.5 0.5
-0.944 0.5 0.5 0.5 0.5 0.5
-0.943 0.5 0.5 0.5 0.5 0.5
-0.942 0.5 0.5 0.5 0.5 0.5
-0.941 0.5 0.5 0.5 0.5 0.5
-0.94 0.5 0.5 0.5 0.5 0.5
-0.939 0.5 0.5 0.5 0.5 0.5
-0.938 0.5 0.5 0.5 0.5 0.5
-0.937 0.5 0.5 0.5 0.5 0.5
-0.936 0.5 0.5 0.5 0.5 0.5
-0.935 0.5 0.5 0.5 0.5 0.5
-0.934 0.5 0.5 0.5 0.5 0.5
-0.933 0.5 0.5 0.5 0.5 0.5
-0.932 0.5 0.5 0.5 0.5 0.5
-0.931 0.5 0.5 0.5 0.5 0.5
-0.93 0.5 0.5 0.5 0.5 0.5
-0.929 0.5 0.5 0.5 0.5 0.5
-0.928 0.5 0.5 0.5 0.5 0.5
-0.927 0.5 0.5 0.5 0.5 0.5
-0.926 0.5 0.5 0.5 0.5 0.5
-0.925 0.5 0.5 0.5 0.5 0.5
-0.924 0.5 0.5 0.5 0.5 0.5
-0.923 0.5 0.5 0.5 0.5 0.5
-0.922 0.5 0.5 0.5 0.5 0.5
-0.921 0.5 0.5 0.5 0.5 0.5
-0.92 0.5 0.5 0.5 0.5 0.5
-0.919 0.5 0.5 0.5 0.5 0.5
-0.918 0.5 0.5 0.5 0.5 0.5
-0.917 0.5 0.5 0.5 0.5 0.5
-0.916 0.5 0.5 0.5 0.5 0.5
-0.915 0.5 0.5 0.5 0.5 0.5
-0.914 0.5 0.5 0.5 0.5 0.5
-0.913 0.5 0.5 0.5 0.5 0.5
-0.912 0.5 0.5 0.5 0.5 0.5
-0.911 0.5 0.5 0.5 0.5 0.5
-0.91 0.5 0.5 0.5 0.5 0.5
-0.909 0.5 0.5 0.5 0.5 0.5
-0.908 0.5 0.5 0.5 0.5 0.5
-0.907 0.5 0.5 0.5 0.5 0.5
-0.906 0.5 0.5 0.5 0.5 0.5
-0.905 0.5 0.5 0.5 0.5 0.5
-0.904 0.5 0.5 0.5 0.5 0.5
-0.903 0.5 0.5 0.5 0.5 0.5
-0.902 0.5 0.5 0.5 0.5 0.5
-0.901 0.5 0.5 0.5 0.5 0.5
-0.9 0.5 0.5 0.5 0.5 0.5
-0.899 0.5 0.5 0.5 0.5 0.5
-0.898 0.5 0.5 0.5 0.5 0.5
-0.897 0.5 0.5 0.5 0.5 0.5
-0.896 0.5 0.5 0.5 0.5 0.5
-0.895 0.5 0.5 0.5 0.5 0.5
-0.894 0.5 0.5 0.5 0.5 0.5
-0.893 0.5 0.5 0.5 0.5 0.5
-0.892 0.5 0.5 0.5 0.5 0.5
-0.891 0.5 0.5 0.5 0.5 0.5
-0.89 0.5 0.5 0.5 0.5 0.5
-0.889 0.5 0.5 0.5 0.5 0.5
-0.888 0.5 0.5 0.5 0.5 0.5
-0.887 0.5 0.5 0.5 0.5 0.5
-0.886 0.5 0.5 0.5 0.5 0.5
-0.885 0.5 0.5 0.5 0.5 0.5
-0.884 0.5 0.5 0.5 0.5 0.5
-0.883 0.5 0.5 0.5 0.5 0.5
-0.882 0.5 0.5 0.5 0.5 0.5
-0.881 0.5 0.5 0.5 0.5 0.5
-0.88 0.5 0.5 0.5 0.5 0.5
-0.879 0.5 0.5 0.5 0.5 0.5
-0.878 0.5 0.5 0.5 0.5 0.5
-0.877 0.5 0.5 0.5 0.5 0.5
-0.876 0.5 0.5 0.5 0.5 0.5
-0.875 0.5 0.5 0.5 0.5 0.5
-0.874 0.5 0.5 0.5 0.5 0.5
-0.873 0.5 0.5 0.5 0.5 0.5
-0.872 0.5 0.5 0.5 0.5 0.5
-0.871 0.5 0.5 0.5 0.5 0.5
-0.87 0.5 0.5 0.5 0.5 0.5
-0.869 0.5 0.5 0.5 0.5 0.5
-0.868 0.5 0.5 0.5 0.5 0.5
-0.867 0.5 0.5 0.5 0.5 0.5
-0.866 0.5 0.5 0.5 0.5 0.5
-0.865 0.5 0.5 0.5 0.5 0.5
-0.864 0.5 0.5 0.5 0.5 0.5
-0.863 0.5 0.5 0.5 0.5 0.5
-0.862 0.5 0.5 0.5 0.5 0.5
-0.861 0.5 0.5 0.5 0.5 0.5
-0.86 0.5 0.5 0.5 0.5 0.5
-0.859 0.5 0.5 0.5 0.5 0.5
-0.858 0.5 0.5 0.5 0.5 0.5
-0.857 0.5 0.5 0.5 0.5 0.5
-0.856 0.5 0.5 0.5 0.5 0.5
-0.855 0.5 0.5 0.5 0.5 0.5
-0.854 0.5 0.5 0.5 0.5 0.5
-0.853 0.5 0.5 0.5 0.5 0.5
-0.852 0.5 0.5 0.5 0.5 0.5
-0.851 0.5 0.5 0.5 0.5 0.5
-0.85 0.5 0.5 0.5 0.5 0.5
-0.849 0.5 0.5 0.5 0.5 0.5
-0.848 0.5 0.5 0.5 0.5 0.5
-0.847 0.5 0.5 0.5 0.5 0.5
-0.846 0.5 0.5 0.5 0.5 0.5
-0.845 0.5 0.5 0.5 0.5 0.5
-0.844 0.5 0.5 0.5 0.5 0.5
-0.843 0.5 0.5 0.5 0.5 0.5
-0.842 0.5 0.5 0.5 0.5 0.5
-0.841 0.5 0.5 0.5 0.5 0.5
-0.84 0.5 0.5 0.5 0.5 0.5
-0.839 0.5 0.5 0.5 0.5 0.5
-0.838 0.5 0.5 0.5 0.5 0.5
-0.837 0.5 0.5 0.5 0.5 0.5
-0.836 0.5 0.5 0.5 0.5 0.5
-0.835 0.5 0.5 0.5 0.5 0.5
-0.834 0.5 0.5 0.5 0.5 0.5
-0.833 0.5 0.5 0.5 0.5 0.5
-0.832 0.5 0.5 0.5 0.5 0.5
-0.831 0.5 0.5 0.5 0.5 0.5
-0.83 0.5 0.5 0.5 0.5 0.5
-0.829 0.5 0.5 0.5 0.5 0.5
-0.828 0.5 0.5 0.5 0.5 0.5
-0.827 0.5 0.5 0.5 0.5 0.5
-0.826 0.5 0.5 0.5 0.5 0.5
-0.825 0.5 0.5 0.5 0.5 0.5
-0.824 0.5 0.5 0.5 0.5 0.5
-0.823 0.5 0.5 0.5 0.5 0.5
-0.822 0.5 0.5 0.5 0.5 0.5
-0.821 0.5 0.5 0.5 0.5 0.5
-0.82 0.5 0.5 0.5 0.5 0.5
-0.819 0.5 0.5 0.5 0.5 0.5
-0.818 0.5 0.5 0.5 0.5 0.5
-0.817 0.5 0.5 0.5 0.5 0.5
-0.816 0.5 0.5 0.5 0.5 0.5
-0.815 0.5 0.5 0.5 0.5 0.5
-0.814 0.5 0.5 0.5 0.5 0.5
-0.813 0.5 0.5 0.5 0.5 0.5
-0.812 0.5 0.5 0.5 0.5 0.5
-0.811 0.5 0.5 0.5 0.5 0.5
-0.81 0.5 0.5 0.5 0.5 0.5
-0.809 0.5 0.5 0.5 0.5 0.5
-0.808 0.5 0.5 0.5 0.5 0.5
-0.807 0.5 0.5 0.5 0.5 0.5
-0.806 0.5 0.5 0.5 0.5 0.5
-0.805 0.5 0.5 0.5 0.5 0.5
-0.804 0.5 0.5 0.5 0.5 0.5
-0.803 0.5 0.5 0.5 0.5 0.5
-0.802 0.5 0.5 0.5 0.5 0.5
-0.801 0.5 0.5 0.5 0.5 0.5
-0.8 0.5 0.5 0.5 0.5 0.5
-0.799 0.5 0.5 0.5 0.5 0.5
-0.798 0.5 0.5 0.5 0.5 0.5
-0.797 0.5 0.5 0.5 0.5 0.5
-0.796 0.5 0.5 0.5 0.5 0.5
-0.795 0.5 0.5 0.5 0.5 0.5
-0.794 0.5 0.5 0.5 0.5 0.5
-0.793 0.5 0.5 0.5 0.5 0.5
-0.792 0.5 0.5 0.5 0.5 0.5
-0.791 0.5 0.5 0.5 0.5 0.5
-0.79 0.5 0.5 0.5 0.5 0.5
-0.789 0.5 0.5 0.5 0.5 0.5
-0.788 0.5 0.5 0.5 0.5 0.5
-0.787 0.5 0.5 0.5 0.5 0.5
-0.786 0.5 0.5 0.5 0.5 0.5
-0.785 0.5 0.5 0.5 0.5 0.5
-0.784 0.5 0.5 0.5 0.5 0.5
-0.783 0.5 0.5 0.5 0.5 0.5
-0.782 0.5 0.5 0.5 0.5 0.5
-0.781 0.5 0.5 0.5 0.5 0.5
-0.78 0.5 0.5 0.5 0.5 0.5
-0.779 0.5 0.5 0.5 0.5 0.5
-0.778 0.5 0.5 0.5 0.5 0.5
-0.777 0.5 0.5 0.5 0.5 0.5
-0.776 0.5 0.5 0.5 0.5 0.5
-0.775 0.5 0.5 0.5 0.5 0.5
-0.774 0.5 0.5 0.5 0.5 0.5
-0.773 0.5 0.5 0.5 0.5 0.5
-0.772 0.5 0.5 0.5 0.5 0.5
-0.771 0.5 0.5 0.5 0.5 0.5
-0.77 0.5 0.5 0.5 0.5 0.5
-0.769 0.5 0.5 0.5 0.5 0.5
-0.768 0.5 0.5 0.5 0.5 0.5
-0.767 0.5 0.5 0.5 0.5 0.5
-0.766 0.5 0.5 0.5 0.5 0.5
-0.765 0.5 0.5 0.5 0.5 0.5
-0.764 0.5 0.5 0.5 0.5 0.5
-0.763 0.5 0.5 0.5 0.5 0.5
-0.762 0.5 0.5 0.5 0.5 0.5
-0.761 0.5 0.5 0.5 0.5 0.5
-0.76 0.5 0.5 0.5 0.5 0.5
-0.759 0.5 0.5 0.5 0.5 0.5
-0.758 0.5 0.5 0.5 0.5 0.5
-0.757 0.5 0.5 0.5 0.5 0.5
-0.756 0.5 0.5 0.5 0.5 0.5
-0.755 0.5 0.5 0.5 0.5 0.5
-0.754 0.5 0.5 0.5 0.5 0.5
-0.753 0.5 0.5 0.5 0.5 0.5
-0.752 0.5 0.5 0.5 0.5 0.5
-0.751 0.5 0.5 0.5 0.5 0.5
-0.75 0.5 0.5 0.5 0.5 0.5
-0.749 0.5 0.5 0.5 0.5 0.5
-0.748 0.5 0.5 0.5 0.5 0.5
-0.747 0.5 0.5 0.5 0.5 0.5
-0.746 0.5 0.5 0.5 0.5 0.5
-0.745 0.5 0.5 0.5 0.5 0.5
-0.744 0.5 0.5 0.5 0.5 0.5
-0.743 0.5 0.5 0.5 0.5 0.5
-0.742 0.5 0.5 0.5 0.5 0.5
-0.741 0.5 0.5 0.5 0.5 0.5
-0.74 0.5 0.5 0.5 0.5 0.5
-0.739 0.5 0.5 0.5 0.5 0.5
-0.738 0.5 0.5 0.5 0.5 0.5
-0.737 0.5 0.5 0.5 0.5 0.5
-0.736 0.5 0.5 0.5 0.5 0.5
-0.735 0.5 0.5 0.5 0.5 0.5
-0.734 0.5 0.5 0.5 0.5 0.5
-0.733 0.5 0.5 0.5 0.5 0.5
-0.732 0.5 0.5 0.5 0.5 0.5
-0.731 0.5 0.5 0.5 0.5 0.5
-0.73 0.5 0.5 0.5 0.5 0.5
-0.729 0.5 0.5 0.5 0.5 0.5
-0.728 0.5 0.5 0.5 0.5 0.5
-0.727 0.5 0.5 0.5 0.5 0.5
-0.726 0.5 0.5 0.5 0.5 0.5
-0.725 0.5 0.5 0.5 0.5 0.5
-0.724 0.5 0.5 0.5 0.5 0.5
-0.723 0.5 0.5 0.5 0.5 0.5
-0.722 0.5 0.5 0.5 0.5 0.5
-0.721 0.5 0.5 0.5 0.5 0.5
-0.72 0.5 0.5 0.5 0.5 0.5
-0.719 0.5 0.5 0.5 0.5 0.5
-0.718 0.5 0.5 0.5 0.5 0.5
-0.717 0.5 0.5 0.5 0.5 0.5
-0.716 0.5 0.5 0.5 0.5 0.5
-0.715 0.5 0.5 0.5 0.5 0.5
-0.714 0.5 0.5 0.5 0.5 0.5
-0.713 0.5 0.5 0.5 0.5 0.5
-0.712 0.5 0.5 0.5 0.5 0.5
-0.711 0.5 0.5 0.5 0.5 0.5
-0.71 0.5 0.5 0.5 0.5 0.5
-0.709 0.5 0.5 0.5 0.5 0.5
-0.708 0.5 0.5 0.5 0.5 0.5
-0.707 0.5 0.5 0.5 0.5 0.5
-0.706 0.5 0.5 0.5 0.5 0.5
-0.705 0.5 0.5 0.5 0.5 0.5
-0.704 0.5 0.5 0.5 0.5 0.5
-0.703 0.5 0.5 0.5 0.5 0.5
-0.702 0.5 0.5 0.5 0.5 0.5
-0.701 0.5 0.5 0.5 0.5 0.5
-0.7 0.5 0.5 0.5 0.5 0.5
-0.699 0.5 0.5 0.5 0.5 0.5
-0.698 0.5 0.5 0.5 0.5 0.5
-0.697 0.5 0.5 0.5 0.5 0.5
-0.696 0.5 0.5 0.5 0.5 0.5
-0.695 0.5 0.5 0.5 0.5 0.5
-0.694 0.5 0.5 0.5 0.5 0.5
-0.693 0.5 0.5 0.5 0.5 0.5
-0.692 0.5 0.5 0.5 0.5 0.5
-0.691 0.5 0.5 0.5 0.5 0.5
-0.69 0.5 0.5 0.5 0.5 0.5
-0.689 0.5 0.5 0.5 0.5 0.5
-0.688 0.5 0.5 0.5 0.5 0.5
-0.687 0.5 0.5 0.5 0.5 0.5
-0.686 0.5 0.5 0.5 0.5 0.5
-0.685 0.5 0.5 0.5 0.5 0.5
-0.684 0.5 0.5 0.5 0.5 0.5
-0.683 0.5 0.5 0.5 0.5 0.5
-0.682 0.5 0.5 0.5 0.5 0.5
-0.681 0.5 0.5 0.5 0.5 0.5
-0.68 0.5 0.5 0.5 0.5 0.5
-0.679 0.5 0.5 0.5 0.5 0.5
-0.678 0.5 0.5 0.5 0.5 0.5
-0.677 0.5 0.5 0.5 0.5 0.5
-0.676 0.5 0.5 0.5 0.5 0.5
-0.675 0.5 0.5 0.5 0.5 0.5
-0.674 0.5 0.5 0.5 0.5 0.5
-0.673 0.5 0.5 0.5 0.5 0.5
-0.672 0.5 0.5 0.5 0.5 0.5
-0.671 0.5 0.5 0.5 0.5 0.5
-0.67 0.5 0.5 0.5 0.5 0.5
-0.669 0.5 0.5 0.5 0.5 0.5
-0.668 0.5 0.5 0.5 0.5 0.5
-0.667 0.5 0.5 0.5 0.5 0.5
-0.666 0.5 0.5 0.5 0.5 0.5
-0.665 0.5 0.5 0.5 0.5 0.5
-0.664 0.5 0.5 0.5 0.5 0.5
-0.663 0.5 0.5 0.5 0.5 0.5
-0.662 0.5 0.5 0.5 0.5 0.5
-0.661 0.5 0.5 0.5 0.5 0.5
-0.66 0.5 0.5 0.5 0.5 0.5
-0.659 0.5 0.5 0.5 0.5 0.5
-0.658 0.5 0.5 0.5 0.5 0.5
-0.657 0.5 0.5 0.5 0.5 0.5
-0.656 0.5 0.5 0.5 0.5 0.5
-0.655 0.5 0.5 0.5 0.5 0.5
-0.654 0.5 0.5 0.5 0.5 0.5
-0.653 0.5 0.5 0.5 0.5 0.5
-0.652 0.5 0.5 0.5 0.5 0.5
-0.651 0.5 0.5 0.5 0.5 0.5
-0.65 0.5 0.5 0.5 0.5 0.5
-0.649 0.5 0.5 0.5 0.5 0.5
-0.648 0.5 0.5 0.5 0.5 0.5
-0.647 0.5 0.5 0.5 0.5 0.5
-0.646 0.5 0.5 0.5 0.5 0.5
-0.645 0.5 0.5 0.5 0.5 0.5
-0.644 0.5 0.5 0.5 0.5 0.5
-0.643 0.5 0.5 0.5 0.5 0.5
-0.642 0.5 0.5 0.5 0.5 0.5
-0.641 0.5 0.5 0.5 0.5 0.5
-0.64 0.5 0.5 0.5 0.5 0.5
-0.639 0.5 0.5 0.5 0.5 0.5
-0.638 0.5 0.5 0.5 0.5 0.5
-0.637 0.5 0.5 0.5 0.5 0.5
-0.636 0.5 0.5 0.5 0.5 0.5
-0.635 0.5 0.5 0.5 0.5 0.5
-0.634 0.5 0.5 0.5 0.5 0.5
-0.633 0.5 0.5 0.5 0.5 0.5
-0.632 0.5 0.5 0.5 0.5 0.5
-0.631 0.5 0.5 0.5 0.5 0.5
-0.63 0.5 0.5 0.5 0.5 0.5
-0.629 0.5 0.5 0.5 0.5 0.5
-0.628 0.5 0.5 0.5 0.5 0.5
-0.627 0.5 0.5 0.5 0.5 0.5
-0.626 0.5 0.5 0.5 0.5 0.5
-0.625 0.5 0.5 0.5 0.5 0.5
-0.624 0.5 0.5 0.5 0.5 0.5
-0.623 0.5 0.5 0.5 0.5 0.5
-0.622 0.5 0.5 0.5 0.5 0.5
-0.621 0.5 0.5 0.5 0.5 0.5
-0.62 0.5 0.5 0.5 0.5 0.5
-0.619 0.5 0.5 0.5 0.5 0.5
-0.618 0.5 0.5 0.5 0.5 0.5
-0.617 0.5 0.5 0.5 0.5 0.5
-0.616 0.5 0.5 0.5 0.5 0.5
-0.615 0.5 0.5 0.5 0.5 0.5
-0.614 0.5 0.5 0.5 0.5 0.5
-0.613 0.5 0.5 0.5 0.5 0.5
-0.612 0.5 0.5 0.5 0.5 0.5
-0.611 0.5 0.5 0.5 0.5 0.5
-0.61 0.5 0.5 0.5 0.5 0.5
-0.609 0.5 0.5 0.5 0.5 0.5
-0.608 0.5 0.5 0.5 0.5 0.5
-0.607 0.5 0.5 0.5 0.5 0.5
-0.606 0.5 0.5 0.5 0.5 0.5
-0.605 0.5 0.5 0.5 0.5 0.5
-0.604 0.5 0.5 0.5 0.5 0.5
-0.603 0.5 0.5 0.5 0.5 0.5
-0.602 0.5 0.5 0.5 0.5 0.5
-0.601 0.5 0.5 0.5 0.5 0.5
-0.6 0.5 0.5 0.5 0.5 0.5
-0.599 0.5 0.5 0.5 0.5 0.5
-0.598 0.5 0.5 0.5 0.5 0.5
-0.597 0.5 0.5 0.5 0.5 0.5
-0.596 0.5 0.5 0.5 0.5 0.5
-0.595 0.5 0.5 0.5 0.5 0.5
-0.594 0.5 0.5 0.5 0.5 0.5
-0.593 0.5 0.5 0.5 0.5 0.5
-0.592 0.5 0.5 0.5 0.5 0.5
-0.591 0.5 0.5 0.5 0.5 0.5
-0.59 0.5 0.5 0.5 0.5 0.5
-0.589 0.5 0.5 0.5 0.5 0.5
-0.588 0.5 0.5 0.5 0.5 0.5
-0.587 0.5 0.5 0.5 0.5 0.5
-0.586 0.5 0.5 0.5 0.5 0.5
-0.585 0.5 0.5 0.5 0.5 0.5
-0.584 0.5 0.5 0.5 0.5 0.5
-0.583 0.5 0.5 0.5 0.5 0.5
-0.582 0.5 0.5 0.5 0.5 0.5
-0.581 0.5 0.5 0.5 0.5 0.5
-0.58 0.5 0.5 0.5 0.5 0.5
-0.579 0.5 0.5 0.5 0.5 0.5
-0.578 0.5 0.5 0.5 0.5 0.5
-0.577 0.5 0.5 0.5 0.5 0.5
-0.576 0.5 0.5 0.5 0.5 0.5
-0.575 0.5 0.5 0.5 0.5 0.5
-0.574 0.5 0.5 0.5 0.5 0.5
-0.573 0.5 0.5 0.5 0.5 0.5
-0.572 0.5 0.5 0.5 0.5 0.5
-0.571 0.5 0.5 0.5 0.5 0.5
-0.57 0.5 0.5 0.5 0.5 0.5
-0.569 0.5 0.5 0.5 0.5 0.5
-0.568 0.5 0.5 0.5 0.5 0.5
-0.567 0.5 0.5 0.5 0.5 0.5
-0.566 0.5 0.5 0.5 0.5 0.5
-0.565 0.5 0.5 0.5 0.5 0.5
-0.564 0.5 0.5 0.5 0.5 0.5
-0.563 0.5 0.5 0.5 0.5 0.5
-0.562 0.5 0.5 0.5 0.5 0.5
-0.561 0.5 0.5 0.5 0.5 0.5
-0.56 0.5 0.5 0.5 0.5 0.5
-0.559 0.5 0.5 0.5 0.5 0.5
-0.558 0.5 0.5 0.5 0.5 0.5
-0.557 0.5 0.5 0.5 0.5 0.5
-0.556 0.5 0.5 0.5 0.5 0.5
-0.555 0.5 0.5 0.5 0.5 0.5
-0.554 0.5 0.5 0.5 0.5 0.5
-0.553 0.5 0.5 0.5 0.5 0.5
-0.552 0.5 0.5 0.5 0.5 0.5
-0.551 0.5 0.5 0.5 0.5 0.5
-0.55 0.5 0.5 0.5 0.5 0.5
-0.549 0.5 0.5 0.5 0.5 0.5
-0.548 0.5 0.5 0.5 0.5 0.5
-0.547 0.5 0.5 0.5 0.5 0.5
-0.546 0.5 0.5 0.5 0.5 0.5
-0.545 0.5 0.5 0.5 0.5 0.5
-0.544 0.5 0.5 0.5 0.5 0.5
-0.543 0.5 0.5 0.5 0.5 0.5
-0.542 0.5 0.5 0.5 0.5 0.5
-0.541 0.5 0.5 0.5 0.5 0.5
-0.54 0.5 0.5 0.5 0.5 0.5
-0.539 0.5 0.5 0.5 0.5 0.5
-0.538 0.5 0.5 0.5 0.5 0.5
-0.537 0.5 0.5 0.5 0.5 0.5
-0.536 0.5 0.5 0.5 0.5 0.5
-0.535 0.5 0.5 0.5 0.5 0.5
-0.534 0.5 0.5 0.5 0.5 0.5
-0.533 0.5 0.5 0.5 0.5 0.5
-0.532 0.5 0.5 0.5 0.5 0.5
-0.531 0.5 0.5 0.5 0.5 0.5
-0.53 0.5 0.5 0.5 0.5 0.5
-0.529 0.5 0.5 0.5 0.5 0.5
-0.528 0.5 0.5 0.5 0.5 0.5
-0.527 0.5 0.5 0.5 0.5 0.5
-0.526 0.5 0.5 0.5 0.5 0.5
-0.525 0.5 0.5 0.5 0.5 0.5
-0.524 0.5 0.5 0.5 0.5 0.5
-0.523 0.5 0.5 0.5 0.5 0.5
-0.522 0.5 0.5 0.5 0.5 0.5
-0.521 0.5 0.5 0.5 0.5 0.5
-0.52 0.5 0.5 0.5 0.5 0.5
-0.519 0.5 0.5 0.5 0.5 0.5
-0.518 0.5 0.5 0.5 0.5 0.5
-0.517 0.5 0.5 0.5 0.5 0.5
-0.516 0.5 0.5 0.5 0.5 0.5
-0.515 0.5 0.5 0.5 0.5 0.5
-0.514 0.5 0.5 0.5 0.5 0.5
-0.513 0.5 0.5 0.5 0.5 0.5
-0.512 0.5 0.5 0.5 0.5 0.5
-0.511 0.5 0.5 0.5 0.5 0.5
-0.51 0.5 0.5 0.5 0.5 0.5
-0.509 0.5 0.5 0.5 0.5 0.5
-0.508 0.5 0.5 0.5 0.5 0.5
-0.507 0.5 0.5 0.5 0.5 0.5
-0.506 0.5 0.5 0.5 0.5 0.5
-0.505 0.5 0.5 0.5 0.5 0.5
-0.504 0.5 0.5 0.5 0.5 0.5
-0.503 0.5 0.5 0.5 0.5 0.5
-0.502 0.5 0.5 0.5 0.5 0.5
-0.501 0.5 0.5 0.5 0.5 0.5
-0.5 0.5 0.5 0.5 0.5 0.5
-0.499 0 0.5 0.5 0.5 0.5
-0.498 0 0.5 0.5 0.5 0.5
-0.497 0 0.5 0.5 0.5 0.5
-0.496 0 0.5 0.5 0.5 0.5
-0.495 0 0.5 0.5 0.5 0.5
-0.494 0 0.5 0.5 0.5 0.5
-0.493 0 0.5 0.5 0.5 0.5
-0.492 0 0.5 0.5 0.5 0.5
-0.491 0 0.5 0.5 0.5 0.5
-0.49 0 0.5 0.5 0.5 0.5
-0.489 0 0.5 0.5 0.5 0.5
-0.488 0 0.5 0.5 0.5 0.5
-0.487 0 0.5 0.5 0.5 0.5
-0.486 0 0.5 0.5 0.5 0.5
-0.485 0 0.5 0.5 0.5 0.5
-0.484 0 0.5 0.5 0.5 0.5
-0.483 0 0.5 0.5 0.5 0.5
-0.482 0 0.5 0.5 0.5 0.5
-0.481 0 0.5 0.5 0.5 0.5
-0.48 0 0.5 0.5 0.5 0.5
-0.479 0 0.5 0.5 0.5 0.5
-0.478 0 0.5 0.5 0.5 0.5
-0.477 0 0.5 0.5 0.5 0.5
-0.476 0 0.5 0.5 0.5 0.5
-0.475 0 0.5 0.5 0.5 0.5
-0.474 0 0.5 0.5 0.5 0.5
-0.473 0 0.5 0.5 0.5 0.5
-0.472 0 0.5 0.5 0.5 0.5
-0.471 0 0.5 0.5 0.5 0.5
-0.47 0 0.5 0.5 0.5 0.5
-0.469 0 0.5 0.5 0.5 0.5
-0.468 0 0.5 0.5 0.5 0.5
-0.467 0 0.5 0.5 0.5 0.5
-0.466 0 0.5 0.5 0.5 0.5
-0.465 0 0.5 0.5 0.5 0.5
-0.464 0 0.5 0.5 0.5 0.5
-0.463 0 0.5 0.5 0.5 0.5
-0.462 0 0.5 0.5 0.5 0.5
-0.461 0 0.5 0.5 0.5 0.5
-0.46 0 0.5 0.5 0.5 0.5
-0.459 0 0.5 0.5 0.5 0.5
-0.458 0 0.5 0.5 0.5 0.5
-0.457 0 0.5 0.5 0.5 0.5
-0.456 0 0.5 0.5 0.5 0.5
-0.455 0 0.5 0.5 0.5 0.5
-0.454 0 0.5 0.5 0.5 0.5
-0.453 0 0.5 0.5 0.5 0.5
-0.452 0 0.5 0.5 0.5 0.5
-0.451 0 0.5 0.5 0.5 0.5
-0.45 0 0.5 0.5 0.5 0.5
-0.449 0 0.5 0.5 0.5 0.5
-0.448 0 0.5 0.5 0.5 0.5
-0.447 0 0.5 0.5 0.5 0.5
-0.446 0 0.5 0.5 0.5 0.5
-0.445 0 0.5 0.5 0.5 0.5
-0.444 0 0.5 0.5 0.5 0.5
-0.443 0 0.5 0.5 0.5 0.5
-0.442 0 0.5 0.5 0.5 0.5
-0.441 0 0.5 0.5 0.5 0.5
-0.44 0 0.5 0.5 0.5 0.5
-0.439 0 0.5 0.5 0.5 0.5
-0.438 0 0.5 0.5 0.5 0.5
-0.437 0 0.5 0.5 0.5 0.5
-0.436 0 0.5 0.5 0.5 0.5
-0.435 0 0.5 0.5 0.5 0.5
-0.434 0 0.5 0.5 0.5 0.5
-0.433 0 0.5 0.5 0.5 0.5
-0.432 0 0.5 0.5 0.5 0.5
-0.431 0 0.5 0.5 0.5 0.5
-0.43 0 0.5 0.5 0.5 0.5
-0.429 0 0.5 0.5 0.5 0.5
-0.428 0 0.5 0.5 0.5 0.5
-0.427 0 0.5 0.5 0.5 0.5
-0.426 0 0.5 0.5 0.5 0.5
-0.425 0 0.5 0.5 0.5 0.5
-0.424 0 0.5 0.5 0.5 0.5
-0.423 0 0.5 0.5 0.5 0.5
-0.422 0 0.5 0.5 0.5 0.5
-0.421 0 0.5 0.5 0.5 0.5
-0.42 0 0.5 0.5 0.5 0.5
-0.419 0 0.5 0.5 0.5 0.5
-0.418 0 0.5 0.5 0.5 0.5
-0.417 0 0.5 0.5 0.5 0.5
-0.416 0 0.5 0.5 0.5 0.5
-0.415 0 0.5 0.5 0.5 0.5
-0.414 0 0.5 0.5 0.5 0.5
-0.413 0 0.5 0.5 0.5 0.5
-0.412 0 0.5 0.5 0.5 0.5
-0.411 0 0.5 0.5 0.5 0.5
-0.41 0 0.5 0.5 0.5 0.5
-0.409 0 0.5 0.5 0.5 0.5
-0.408 0 0.5 0.5 0.5 0.5
-0.407 0 0.5 0.5 0.5 0.5
-0.406 0 0.5 0.5 0.5 0.5
-0.405 0 0.5 0.5 0.5 0.5
-0.404 0 0.5 0.5 0.5 0.5
-0.403 0 0.5 0.5 0.5 0.5
-0.402 0 0.5 0.5 0.5 0.5
-0.401 0 0.5 0.5 0.5 0.5
-0.4 0 0.5 0.5 0.5 0.5
-0.399 0 0.5 0.5 0.5 0.5
-0.398 0 0.5 0.5 0.5 0.5
-0.397 0 0.5 0.5 0.5 0.5
-0.396 0 0.5 0.5 0.5 0.5
-0.395 0 0.5 0.5 0.5 0.5
-0.394 0 0.5 0.5 0.5 0.5
-0.393 0 0.5 0.5 0.5 0.5
-0.392 0 0.5 0.5 0.5 0.5
-0.391 0 0.5 0.5 0.5 0.5
-0.39 0 0.5 0.5 0.5 0.5
-0.389 0 0.5 0.5 0.5 0.5
-0.388 0 0.5 0.5 0.5 0.5
-0.387 0 0.5 0.5 0.5 0.5
-0.386 0 0.5 0.5 0.5 0.5
-0.385 0 0.5 0.5 0.5 0.5
-0.384 0 0.5 0.5 0.5 0.5
-0.383 0 0.5 0.5 0.5 0.5
-0.382 0 0.5 0.5 0.5 0.5
-0.381 0 0.5 0.5 0.5 0.5
-0.38 0 0.5 0.5 0.5 0.5
-0.379 0 0.5 0.5 0.5 0.5
-0.378 0 0.5 0.5 0.5 0.5
-0.377 0 0.5 0.5 0.5 0.5
-0.376 0 0.5 0.5 0.5 0.5
-0.375 0 0.5 0.5 0.5 0.5
-0.374 0 0.5 0.5 0.5 0.5
-0.373 0 0.5 0.5 0.5 0.5
-0.372 0 0.5 0.5 0.5 0.5
-0.371 0 0.5 0.5 0.5 0.5
-0.37 0 0.5 0.5 0.5 0.5
-0.369 0 0.5 0.5 0.5 0.5
-0.368 0 0.5 0.5 0.5 0.5
-0.367 0 0.5 0.5 0.5 0.5
-0.366 0 0.5 0.5 0.5 0.5
-0.365 0 0.5 0.5 0.5 0.5
-0.364 0 0.5 0.5 0.5 0.5
-0.363 0 0.5 0.5 0.5 0.5
-0.362 0 0.5 0.5 0.5 0.5
-0.361 0 0.5 0.5 0.5 0.5
-0.36 0 0.5 0.5 0.5 0.5
-0.359 0 0.5 0.5 0.5 0.5
-0.358 0 0.5 0.5 0.5 0.5
-0.357 0 0.5 0.5 0.5 0.5
-0.356 0 0.5 0.5 0.5 0.5
-0.355 0 0.5 0.5 0.5 0.5
-0.354 0 0.5 0.5 0.5 0.5
-0.353 0 0.5 0.5 0.5 0.5
-0.352 0 0.5 0.5 0.5 0.5
-0.351 0 0.5 0.5 0.5 0.5
-0.35 0 0.5 0.5 0.5 0.5
-0.349 0 0.5 0.5 0.5 0.5
-0.348 0 0.5 0.5 0.5 0.5
-0.347 0 0.5 0.5 0.5 0.5
-0.346 0 0.5 0.5 0.5 0.5
-0.345 0 0.5 0.5 0.5 0.5
-0.344 0 0.5 0.5 0.5 0.5
-0.343 0 0.5 0.5 0.5 0.5
-0.342 0 0.5 0.5 0.5 0.5
-0.341 0 0.5 0.5 0.5 0.5
-0.34 0 0.5 0.5 0.5 0.5
-0.339 0 0.5 0.5 0.5 0.5
-0.338 0 0.5 0.5 0.5 0.5
-0.337 0 0.5 0.5 0.5 0.5
-0.336 0 0.5 0.5 0.5 0.5
-0.335 0 0.5 0.5 0.5 0.5
-0.334 0 0.5 0.5 0.5 0.5
-0.333 0 0.5 0.5 0.5 0.5
-0.332 0 0.5 0.5 0.5 0.5
-0.331 0 0.5 0.5 0.5 0.5
-0.33 0 0.5 0.5 0.5 0.5
-0.329 0 0.5 0.5 0.5 0.5
-0.328 0 0.5 0.5 0.5 0.5
-0.327 0 0.5 0.5 0.5 0.5
-0.326 0 0.5 0.5 0.5 0.5
-0.325 0 0 0.5 0.5 0.5
-0.324 0 0 0.5 0.5 0.5
-0.323 0 0 0.5 0.5 0.5
-0.322 0 0 0.5 0.5 0.5
-0.321 0 0 0.5 0.5 0.5
-0.32 0 0 0.5 0.5 0.5
-0.319 0 0 0.5 0.5 0.5
-0.318 0 0 0.5 0.5 0.5
-0.317 0 0 0.5 0.5 0.5
-0.316 0 0 0.5 0.5 0.5
-0.315 0 0 0.5 0.5 0.5
-0.314 0 0 0.5 0.5 0.5
-0.313 0 0 0.5 0.5 0.5
-0.312 0 0 0.5 0.5 0.5
-0.311 0 0 0.5 0.5 0.5
-0.31 0 0 0.5 0.5 0.5
-0.309 0 0 0.5 0.5 0.5
-0.308 0 0 0.5 0.5 0.5
-0.307 0 0 0.5 0.5 0.5
-0.306 0 0 0.5 0.5 0.5
-0.305 0 0 0.5 0.5 0.5
-0.304 0 0 0.5 0.5 0.5
-0.303 0 0 0.5 0.5 0.5
-0.302 0 0 0.5 0.5 0.5
-0.301 0 0 0.5 0.5 0.5
-0.3 0 0 0.5 0.5 0.5
-0.299 0 0 0.5 0.5 0.5
-0.298 0 0 0.5 0.5 0.5
-0.297 0 0 0.5 0.5 0.5
-0.296 0 0 0.5 0.5 0.5
-0.295 0 0 0.5 0.5 0.5
-0.294 0 0 0.5 0.5 0.5
-0.293 0 0 0.5 0.5 0.5
-0.292 0 0 0.5 0.5 0.5
-0.291 0 0 0.5 0.5 0.5
-0.29 0 0 0.5 0.5 0.5
-0.289 0 0 0.5 0.5 0.5
-0.288 0 0 0.5 0.5 0.5
-0.287 0 0 0.5 0.5 0.5
-0.286 0 0 0.5 0.5 0.5
-0.285 0 0 0.5 0.5 0.5
-0.284 0 0 0.5 0.5 0.5
-0.283 0 0 0.5 0.5 0.5
-0.282 0 0 0.5 0.5 0.5
-0.281 0 0 0.5 0.5 0.5
-0.28 0 0 0.5 0.5 0.5
-0.279 0 0 0.5 0.5 0.5
-0.278 0 0 0.5 0.5 0.5
-0.277 0 0 0.5 0.5 0.5
-0.276 0 0 0.5 0.5 0.5
-0.275 0 0 0.5 0.5 0.5
-0.274 0 0 0.5 0.5 0.5
-0.273 0 0 0.5 0.5 0.5
-0.272 0 0 0.5 0.5 0.5
-0.271 0 0 0.5 0.5 0.5
-0.27 0 0 0.5 0.5 0.5
-0.269 0 0 0.5 0.5 0.5
-0.268 0 0 0.5 0.5 0.5
-0.267 0 0 0.5 0.5 0.5
-0.266 0 0 0.5 0.5 0.5
-0.265 0 0 0.5 0.5 0.5
-0.264 0 0 0.5 0.5 0.5
-0.263 0 0 0.5 0.5 0.5
-0.262 0 0 0.5 0.5 0.5
-0.261 0 0 0.5 0.5 0.5
-0.26 0 0 0.5 0.5 0.5
-0.259 0 0 0.5 0.5 0.5
-0.258 0 0 0.5 0.5 0.5
-0.257 0 0 0.5 0.5 0.5
-0.256 0 0 0.5 0.5 0.5
-0.255 0 0 0.5 0.5 0.5
-0.254 0 0 0.5 0.5 0.5
-0.253 0 0 0.5 0.5 0.5
-0.252 0 0 0.5 0.5 0.5
-0.251 0 0 0.5 0.5 0.5
-0.25 0 0 0.5 0.5 0.5
-0.249 0 0 0.5 0.5 0.5
-0.248 0 0 0.5 0.5 0.5
-0.247 0 0 0.5 0.5 0.5
-0.246 0 0 0.5 0.5 0.5
-0.245 0 0 0.5 0.5 0.5
-0.244 0 0 0.5 0.5 0.5
-0.243 0 0 0.5 0.5 0.5
-0.242 0 0 0.5 0.5 0.5
-0.241 0 0 0.5 0.5 0.5
-0.24 0 0 0.5 0.5 0.5
-0.239 0 0 0.5 0.5 0.5
-0.238 0 0 0.5 0.5 0.5
-0.237 0 0 0.5 0.5 0.5
-0.236 0 0 0.5 0.5 0.5
-0.235 0 0 0.5 0.5 0.5
-0.234 0 0 0.5 0.5 0.5
-0.233 0 0 0.5 0.5 0.5
-0.232 0 0 0.5 0.5 0.5
-0.231 0 0 0.5 0.5 0.5
-0.23 0 0 0.5 0.5 0.5
-0.229 0 0 0.5 0.5 0.5
-0.228 0 0 0.5 0.5 0.5
-0.227 0 0 0.5 0.5 0.5
-0.226 0 0 0.5 0.5 0.5
-0.225 0 0 0.5 0.5 0.5
-0.224 0 0 0.5 0.5 0.5
-0.223 0 0 0.5 0.5 0.5
-0.222 0 0 0.5 0.5 0.5
-0.221 0 0 0.5 0.5 0.5
-0.22 0 0 0.5 0.5 0.5
-0.219 0 0 0.5 0.5 0.5
-0.218 0 0 0.5 0.5 0.5
-0.217 0 0 0.5 0.5 0.5
-0.216 0 0 0.5 0.5 0.5
-0.215 0 0 0.5 0.5 0.5
-0.214 0 0 0.5 0.5 0.5
-0.213 0 0 0.5 0.5 0.5
-0.212 0 0 0.5 0.5 0.5
-0.211 0 0 0.5 0.5 0.5
-0.21 0 0 0.5 0.5 0.5
-0.209 0 0 0.5 0.5 0.5
-0.208 0 0 0.5 0.5 0.5
-0.207 0 0 0.5 0.5 0.5
-0.206 0 0 0.5 0.5 0.5
-0.205 0 0 0.5 0.5 0.5
-0.204 0 0 0.5 0.5 0.5
-0.203 0 0 0.5 0.5 0.5
-0.202 0 0 0.5 0.5 0.5
-0.201 0 0 0.5 0.5 0.5
-0.2 0 0 0.5 0.5 0.5
-0.199 0 0 0.5 0.5 0.5
-0.198 0 0 0.5 0.5 0.5
-0.197 0 0 0.5 0.5 0.5
-0.196 0 0 0.5 0.5 0.5
-0.195 0 0 0.5 0.5 0.5
-0.194 0 0 0.5 0.5 0.5
-0.193 0 0 0.5 0.5 0.5
-0.192 0 0 0.5 0.5 0.5
-0.191 0 0 0.5 0.5 0.5
-0.19 0 0 0.5 0.5 0.5
-0.189 0 0 0.5 0.5 0.5
-0.188 0 0 0.5 0.5 0.5
-0.187 0 0 0.5 0.5 0.5
-0.186 0 0 0.5 0.5 0.5
-0.185 0 0 0.5 0.5 0.5
-0.184 0 0 0.5 0.5 0.5
-0.183 0 0 0.5 0.5 0.5
-0.182 0 0 0.5 0.5 0.5
-0.181 0 0 0.5 0.5 0.5
-0.18 0 0 0.5 0.5 0.5
-0.179 0 0 0.5 0.5 0.5
-0.178 0 0 0.5 0.5 0.5
-0.177 0 0 0.5 0.5 0.5
-0.176 0 0 0.5 0.5 0.5
-0.175 0 0 0.5 0.5 0.5
-0.174 0 0 0.5 0.5 0.5
-0.173 0 0 0.5 0.5 0.5
-0.172 0 0 0.5 0.5 0.5
-0.171 0 0 0.5 0.5 0.5
-0.17 0 0 0.5 0.5 0.5
-0.169 0 0 0.5 0.5 0.5
-0.168 0 0 0.5 0.5 0.5
-0.167 0 0 0.5 0.5 0.5
-0.166 0 0 0.5 0.5 0.5
-0.165 0 0 0.5 0.5 0.5
-0.164 0 0 0.5 0.5 0.5
-0.163 0 0 0.5 0.5 0.5
-0.162 0 0 0.5 0.5 0.5
-0.161 0 0 0.5 0.5 0.5
-0.16 0 0 0.5 0.5 0.5
-0.159 0 0 0.5 0.5 0.5
-0.158 0 0 0.5 0.5 0.5
-0.157 0 0 0.5 0.5 0.5
-0.156 0 0 0.5 0.5 0.5
-0.155 0 0 0.5 0.5 0.5
-0.154 0 0 0.5 0.5 0.5
-0.153 0 0 0.5 0.5 0.5
-0.152 0 0 0.5 0.5 0.5
-0.151 0 0 0.5 0.5 0.5
-0.15 0 0 0 0.5 0.5
-0.149 0 0 0 0.5 0.5
-0.148 0 0 0 0.5 0.5
-0.147 0 0 0 0.5 0.5
-0.146 0 0 0 0.5 0.5
-0.145 0 0 0 0.5 0.5
-0.144 0 0 0 0.5 0.5
-0.143 0 0 0 0.5 0.5
-0.142 0 0 0 0.5 0.5
-0.141 0 0 0 0.5 0.5
-0.14 0 0 0 0.5 0.5
-0.139 0 0 0 0.5 0.5
-0.138 0 0 0 0.5 0.5
-0.137 0 0 0 0.5 0.5
-0.136 0 0 0 0.5 0.5
-0.135 0 0 0 0.5 0.5
-0.134 0 0 0 0.5 0.5
-0.133 0 0 0 0.5 0.5
-0.132 0 0 0 0.5 0.5
-0.131 0 0 0 0.5 0.5
-0.13 0 0 0 0.5 0.5
-0.129 0 0 0 0.5 0.5
-0.128 0 0 0 0.5 0.5
-0.127 0 0 0 0.5 0.5
-0.126 0 0 0 0.5 0.5
-0.125 0 0 0 0.5 0.5
-0.124 0 0 0 0.5 0.5
-0.123 0 0 0 0.5 0.5
-0.122 0 0 0 0.5 0.5
-0.121 0 0 0 0.5 0.5
-0.12 0 0 0 0.5 0.5
-0.119 0 0 0 0.5 0.5
-0.118 0 0 0 0.5 0.5
-0.117 0 0 0 0.5 0.5
-0.116 0 0 0 0.5 0.5
-0.115 0 0 0 0.5 0.5
-0.114 0 0 0 0.5 0.5
-0.113 0 0 0 0.5 0.5
-0.112 0 0 0 0.5 0.5
-0.111 0 0 0 0.5 0.5
-0.11 0 0 0 0.5 0.5
-0.109 0 0 0 0.5 0.5
-0.108 0 0 0 0.5 0.5
-0.107 0 0 0 0.5 0.5
-0.106 0 0 0 0.5 0.5
-0.105 0 0 0 0.5 0.5
-0.104 0 0 0 0.5 0.5
-0.103 0 0 0 0.5 0.5
-0.102 0 0 0 0.5 0.5
-0.101 0 0 0 0.5 0.5
-0.1 0 0 0 0.5 0.5
-0.099 0 0 0 0.5 0.5
-0.098 0 0 0 0.5 0.5
-0.097 0 0 0 0.5 0.5
-0.096 0 0 0 0.5 0.5
-0.095 0 0 0 0.5 0.5
-0.094 0 0 0 0.5 0.5
-0.093 0 0 0 0.5 0.5
-0.092 0 0 0 0.5 0.5
-0.091 0 0 0 0.5 0.5
-0.09 0 0 0 0.5 0.5
-0.089 0 0 0 0.5 0.5
-0.088 0 0 0 0.5 0.5
-0.087 0 0 0 0.5 0.5
-0.086 0 0 0 0.5 0.5
-0.085 0 0 0 0.5 0.5
-0.084 0 0 0 0.5 0.5
-0.083 0 0 0 0.5 0.5
-0.082 0 0 0 0.5 0.5
-0.081 0 0 0 0.5 0.5
-0.08 0 0 0 0.5 0.5
-0.079 0 0 0 0.5 0.5
-0.078 0 0 0 0.5 0.5
-0.077 0 0 0 0.5 0.5
-0.076 0 0 0 0.5 0.5
-0.075 0 0 0 0.5 0.5
-0.074 0 0 0 0.5 0.5
-0.073 0 0 0 0.5 0.5
-0.072 0 0 0 0.5 0.5
-0.071 0 0 0 0.5 0.5
-0.07 0 0 0 0.5 0.5
-0.069 0 0 0 0.5 0.5
-0.068 0 0 0 0.5 0.5
-0.067 0 0 0 0.5 0.5
-0.066 0 0 0 0.5 0.5
-0.065 0 0 0 0.5 0.5
-0.064 0 0 0 0.5 0.5
-0.063 0 0 0 0.5 0.5
-0.062 0 0 0 0.5 0.5
-0.061 0 0 0 0.5 0.5
-0.06 0 0 0 0.5 0.5
-0.059 0 0 0 0.5 0.5
-0.058 0 0 0 0.5 0.5
-0.057 0 0 0 0.5 0.5
-0.056 0 0 0 0.5 0.5
-0.055 0 0 0 0.5 0.5
-0.054 0 0 0 0.5 0.5
-0.053 0 0 0 0.5 0.5
-0.052 0 0 0 0.5 0.5
-0.051 0 0 0 0.5 0.5
-0.05 0 0 0 0.5 0.5
-0.049 0 0 0 0.5 0.5
-0.048 0 0 0 0.5 0.5
-0.047 0 0 0 0.5 0.5
-0.046 0 0 0 0.5 0.5
-0.045 0 0 0 0.5 0.5
-0.044 0 0 0 0.5 0.5
-0.043 0 0 0 0.5 0.5
-0.042 0 0 0 0.5 0.5
-0.041 0 0 0 0.5 0.5
-0.04 0 0 0 0.5 0.5
-0.039 0 0 0 0.5 0.5
-0.038 0 0 0 0.5 0.5
-0.037 0 0 0 0.5 0.5
-0.036 0 0 0 0.5 0.5
-0.035 0 0 0 0.5 0.5
-0.034 0 0 0 0.5 0.5
-0.033 0 0 0 0.5 0.5
-0.032 0 0 0 0.5 0.5
-0.031 0 0 0 0.5 0.5
-0.03 0 0 0 0.5 0.5
-0.029 0 0 0 0.5 0.5
-0.028 0 0 0 0.5 0.5
-0.027 0 0 0 0.5 0.5
-0.026 0 0 0 0.5 0.5
-0.025 0 0 0 0.5 0.5
-0.024 0 0 0 0.5 0.5
-0.023 0 0 0 0.5 0.5
-0.022 0 0 0 0.5 0.5
-0.021 0 0 0 0.5 0.5
-0.02 0 0 0 0.5 0.5
-0.019 0 0 0 0.5 0.5
-0.018 0 0 0 0.5 0.5
-0.017 0 0 0 0.5 0.5
-0.016 0 0 0 0.5 0.5
-0.015 0 0 0 0.5 0.5
-0.014 0 0 0 0.5 0.5
-0.013 0 0 0 0.5 0.5
-0.012 0 0 0 0.5 0.5
-0.011 0 0 0 0.5 0.5
-0.01 0 0 0 0.5 0.5
-0.009 0 0 0 0.5 0.5
-0.008 0 0 0 0.5 0.5
-0.007 0 0 0 0.5 0.5
-0.006 0 0 0 0.5 0.5
-0.005 0 0 0 0.5 0.5
-0.004 0 0 0 0.5 0.5
-0.003 0 0 0 0.5 0.5
-0.002 0 0 0 0.5 0.5
-0.001 0 0 0 0.5 0.5
-1.09253e-13 0 0 0 0.5 0.5
0.001 0 0 0 0.5 0.5
0.002 0 0 0 0.5 0.5
0.003 0 0 0 0.5 0.5
0.004 0 0 0 0.5 0.5
0.005 0 0 0 0.5 0.5
0.006 0 0 0 0.5 0.5
0.007 0 0 0 0.5 0.5
0.008 0 0 0 0.5 0.5
0.009 0 0 0 0.5 0.5
0.01 0 0 0 0.5 0.5
0.011 0 0 0 0.5 0.5
0.012 0 0 0 0.5 0.5
0.013 0 0 0 0.5 0.5
0.014 0 0 0 0.5 0.5
0.015 0 0 0 0.5 0.5
0.016 0 0 0 0.5 0.5
0.017 0 0 0 0.5 0.5
0.018 0 0 0 0.5 0.5
0.019 0 0 0 0.5 0.5
0.02 0 0 0 0.5 0.5
0.021 0 0 0 0.5 0.5
0.022 0 0 0 0.5 0.5
0.023 0 0 0 0.5 0.5
0.024 0 0 0 0.5 0.5
0.025 0 0 0 0 0.5
0.026 0 0 0 0 0.5
0.027 0 0 0 0 0.5
0.028 0 0 0 0 0.5
0.029 0 0 0 0 0.5
0.03 0 0 0 0 0.5
0.031 0 0 0 0 0.5
0.032 0 0 0 0 0.5
0.033 0 0 0 0 0.5
0.034 0 0 0 0 0.5
0.035 0 0 0 0 0.5
0.036 0 0 0 0 0.5
0.037 0 0 0 0 0.5
0.038 0 0 0 0 0.5
0.039 0 0 0 0 0.5
0.04 0 0 0 0 0.5
0.041 0 0 0 0 0.5
0.042 0 0 0 0 0.5
0.043 0 0 0 0 0.5
0.044 0 0 0 0 0.5
0.045 0 0 0 0 0.5
0.046 0 0 0 0 0.5
0.047 0 0 0 0 0.5
0.048 0 0 0 0 0.5
0.049 0 0 0 0 0.5
0.05 0 0 0 0 0.5
0.051 0 0 0 0 0.5
0.052 0 0 0 0 0.5
0.053 0 0 0 0 0.5
0.054 0 0 0 0 0.5
0.055 0 0 0 0 0.5
0.056 0 0 0 0 0.5
0.057 0 0 0 0 0.5
0.058 0 0 0 0 0.5
0.059 0 0 0 0 0.5
0.06 0 0 0 0 0.5
0.061 0 0 0 0 0.5
0.062 0 0 0 0 0.5
0.063 0 0 0 0 0.5
0.064 0 0 0 0 0.5
0.065 0 0 0 0 0.5
0.066 0 0 0 0 0.5
0.067 0 0 0 0 0.5
0.068 0 0 0 0 0.5
0.069 0 0 0 0 0.5
0.07 0 0 0 0 0.5
0.071 0 0 0 0 0.5
0.072 0 0 0 0 0.5
0.073 0 0 0 0 0.5
0.074 0 0 0 0 0.5
0.075 0 0 0 0 0.5
0.076 0 0 0 0 0.5
0.077 0 0 0 0 0.5
0.078 0 0 0 0 0.5
0.079 0 0 0 0 0.5
0.08 0 0 0 0 0.5
0.081 0 0 0 0 0.5
0.082 0 0 0 0 0.5
0.083 0 0 0 0 0.5
0.084 0 0 0 0 0.5
0.085 0 0 0 0 0.5
0.086 0 0 0 0 0.5
0.087 0 0 0 0 0.5
0.088 0 0 0 0 0.5
0.089 0 0 0 0 0.5
0.09 0 0 0 0 0.5
0.091 0 0 0 0 0.5
0.092 0 0 0 0 0.5
0.093 0 0 0 0 0.5
0.094 0 0 0 0 0.5
0.095 0 0 0 0 0.5
0.096 0 0 0 0 0.5
0.097 0 0 0 0 0.5
0.098 0 0 0 0 0.5
0.099 0 0 0 0 0.5
0.1 0 0 0 0 0.5
0.101 0 0 0 0 0.5
0.102 0 0 0 0 0.5
0.103 0 0 0 0 0.5
0.104 0 0 0 0 0.5
0.105 0 0 0 0 0.5
0.106 0 0 0 0 0.5
0.107 0 0 0 0 0.5
0.108 0 0 0 0 0.5
0.109 0 0 0 0 0.5
0.11 0 0 0 0 0.5
0.111 0 0 0 0 0.5
0.112 0 0 0 0 0.5
0.113 0 0 0 0 0.5
0.114 0 0 0 0 0.5
0.115 0 0 0 0 0.5
0.116 0 0 0 0 0.5
0.117 0 0 0 0 0.5
0.118 0 0 0 0 0.5
0.119 0 0 0 0 0.5
0.12 0 0 0 0 0.5
0.121 0 0 0 0 0.5
0.122 0 0 0 0 0.5
0.123 0 0 0 0 0.5
0.124 0 0 0 0 0.5
0.125 0 0 0 0 0.5
0.126 0 0 0 0 0.5
0.127 0 0 0 0 0.5
0.128 0 0 0 0 0.5
0.129 0 0 0 0 0.5
0.13 0 0 0 0 0.5
0.131 0 0 0 0 0.5
0.132 0 0 0 0 0.5
0.133 0 0 0 0 0.5
0.134 0 0 0 0 0.5
0.135 0 0 0 0 0.5
0.136 0 0 0 0 0.5
0.137 0 0 0 0 0.5
0.138 0 0 0 0 0.5
0.139 0 0 0 0 0.5
0.14 0 0 0 0 0.5
0.141 0 0 0 0 0.5
0.142 0 0 0 0 0.5
0.143 0 0 0 0 0.5
0.144 0 0 0 0 0.5
0.145 0 0 0 0 0.5
0.146 0 0 0 0 0.5
0.147 0 0 0 0 0.5
0.148 0 0 0 0 0.5
0.149 0 0 0 0 0.5
0.15 0 0 0 0 0.5
0.151 0 0 0 0 0.5
0.152 0 0 0 0 0.5
0.153 0 0 0 0 0.5
0.154 0 0 0 0 0.5
0.155 0 0 0 0 0.5
0.156 0 0 0 0 0.5
0.157 0 0 0 0 0.5
0.158 0 0 0 0 0.5
0.159 0 0 0 0 0.5
0.16 0 0 0 0 0.5
0.161 0 0 0 0 0.5
0.162 0 0 0 0 0.5
0.163 0 0 0 0 0.5
0.164 0 0 0 0 0.5
0.165 0 0 0 0 0.5
0.166 0 0 0 0 0.5
0.167 0 0 0 0 0.5
0.168 0 0 0 0 0.5
0.169 0 0 0 0 0.5
0.17 0 0 0 0 0.5
0.171 0 0 0 0 0.5
0.172 0 0 0 0 0.5
0.173 0 0 0 0 0.5
0.174 0 0 0 0 0.5
0.175 0 0 0 0 0.5
0.176 0 0 0 0 0.5
0.177 0 0 0 0 0.5
0.178 0 0 0 0 0.5
0.179 0 0 0 0 0.5
0.18 0 0 0 0 0.5
0.181 0 0 0 0 0.5
0.182 0 0 0 0 0.5
0.183 0 0 0 0 0.5
0.184 0 0 0 0 0.5
0.185 0 0 0 0 0.5
0.186 0 0 0 0 0.5
0.187 0 0 0 0 0.5
0.188 0 0 0 0 0.5
0.189 0 0 0 0 0.5
0.19 0 0 0 0 0.5
0.191 0 0 0 0 0.5
0.192 0 0 0 0 0.5
0.193 0 0 0 0 0.5
0.194 0 0 0 0 0.5
0.195 0 0 0 0 0.5
0.196 0 0 0 0 0.5
0.197 0 0 0 0 0.5
0.198 0 0 0 0 0.5
0.199 0 0 0 0 0.5
0.2 0 0 0 0 0
0.201 0 0 0 0 0
0.202 0 0 0 0 0
0.203 0 0 0 0 0
0.204 0 0 0 0 0
0.205 0 0 0 0 0
0.206 0 0 0 0 0
0.207 0 0 0 0 0
0.208 0 0 0 0 0
0.209 0 0 0 0 0
0.21 0 0 0 0 0
0.211 0 0 0 0 0
0.212 0 0 0 0 0
0.213 0 0 0 0 0
0.214 0 0 0 0 0
0.215 0 0 0 0 0
0.216 0 0 0 0 0
0.217 0 0 0 0 0
0.218 0 0 0 0 0
0.219 0 0 0 0 0
0.22 0 0 0 0 0
0.221 0 0 0 0 0
0.222 0 0 0 0 0
0.223 0 0 0 0 0
0.224 0 0 0 0 0
0.225 0 0 0 0 0
0.226 0 0 0 0 0
0.227 0 0 0 0 0
0.228 0 0 0 0 0
0.229 0 0 0 0 0
0.23 0 0 0 0 0
0.231 0 0 0 0 0
0.232 0 0 0 0 0
0.233 0 0 0 0 0
0.234 0 0 0 0 0
0.235 0 0 0 0 0
0.236 0 0 0 0 0
0.237 0 0 0 0 0
0.238 0 0 0 0 0
0.239 0 0 0 0 0
0.24 0 0 0 0 0
0.241 0 0 0 0 0
0.242 0 0 0 0 0
0.243 0 0 0 0 0
0.244 0 0 0 0 0
0.245 0 0 0 0 0
0.246 0 0 0 0 0
0.247 0 0 0 0 0
0.248 0 0 0 0 0
0.249 0 0 0 0 0
0.25 0 0 0 0 0
0.251 0 0 0 0 0
0.252 0 0 0 0 0
0.253 0 0 0 0 0
0.254 0 0 0 0 0
0.255 0 0 0 0 0
0.256 0 0 0 0 0
0.257 0 0 0 0 0
0.258 0 0 0 0 0
0.259 0 0 0 0 0
0.26 0 0 0 0 0
0.261 0 0 0 0 0
0.262 0 0 0 0 0
0.263 0 0 0 0 0
0.264 0 0 0 0 0
0.265 0 0 0 0 0
0.266 0 0 0 0 0
0.267 0 0 0 0 0
0.268 0 0 0 0 0
0.269 0 0 0 0 0
0.27 0 0 0 0 0
0.271 0 0 0 0 0
0.272 0 0 0 0 0
0.273 0 0 0 0 0
0.274 0 0 0 0 0
0.275 0 0 0 0 0
0.276 0 0 0 0 0
0.277 0 0 0 0 0
0.278 0 0 0 0 0
0.279 0 0 0 0 0
0.28 0 0 0 0 0
0.281 0 0 0 0 0
0.282 0 0 0 0 0
0.283 0 0 0 0 0
0.284 0 0 0 0 0
0.285 0 0 0 0 0
0.286 0 0 0 0 0
0.287 0 0 0 0 0
0.288 0 0 0 0 0
0.289 0 0 0 0 0
0.29 0 0 0 0 0
0.291 0 0 0 0 0
0.292 0 0 0 0 0
0.293 0 0 0 0 0
0.294 0 0 0 0 0
0.295 0 0 0 0 0
0.296 0 0 0 0 0
0.297 0 0 0 0 0
0.298 0 0 0 0 0
0.299 0 0 0 0 0
0.3 0 0 0 0 0
0.301 0 0 0 0 0
0.302 0 0 0 0 0
0.303 0 0 0 0 0
0.304 0 0 0 0 0
0.305 0 0 0 0 0
0.306 0 0 0 0 0
0.307 0 0 0 0 0
0.308 0 0 0 0 0
0.309 0 0 0 0 0
0.31 0 0 0 0 0
0.311 0 0 0 0 0
0.312 0 0 0 0 0
0.313 0 0 0 0 0
0.314 0 0 0 0 0
0.315 0 0 0 0 0
0.316 0 0 0 0 0
0.317 0 0 0 0 0
0.318 0 0 0 0 0
0.319 0 0 0 0 0
0.32 0 0 0 0 0
0.321 0 0 0 0 0
0.322 0 0 0 0 0
0.323 0 0 0 0 0
0.324 0 0 0 0 0
0.325 0 0 0 0 0
0.326 0 0 0 0 0
0.327 0 0 0 0 0
0.328 0 0 0 0 0
0.329 0 0 0 0 0
0.33 0 0 0 0 0
0.331 0 0 0 0 0
0.332 0 0 0 0 0
0.333 0 0 0 0 0
0.334 0 0 0 0 0
0.335 0 0 0 0 0
0.336 0 0 0 0 0
0.337 0 0 0 0 0
0.338 0 0 0 0 0
0.339 0 0 0 0 0
0.34 0 0 0 0 0
0.341 0 0 0 0 0
0.342 0 0 0 0 0
0.343 0 0 0 0 0
0.344 0 0 0 0 0
0.345 0 0 0 0 0
0.346 0 0 0 0 0
0.347 0 0 0 0 0
0.348 0 0 0 0 0
0.349 0 0 0 0 0
0.35 0 0 0 0 0
0.351 0 0 0 0 0
0.352 0 0 0 0 0
0.353 0 0 0 0 0
0.354 0 0 0 0 0
0.355 0 0 0 0 0
0.356 0 0 0 0 0
0.357 0 0 0 0 0
0.358 0 0 0 0 0
0.359 0 0 0 0 0
0.36 0 0 0 0 0
0.361 0 0 0 0 0
0.362 0 0 0 0 0
0.363 0 0 0 0 0
0.364 0 0 0 0 0
0.365 0 0 0 0 0
0.366 0 0 0 0 0
0.367 0 0 0 0 0
0.368 0 0 0 0 0
0.369 0 0 0 0 0
0.37 0 0 0 0 0
0.371 0 0 0 0 0
0.372 0 0 0 0 0
0.373 0 0 0 0 0
0.374 0 0 0 0 0
0.375 0 0 0 0 0
0.376 0 0 0 0 0
0.377 0 0 0 0 0
0.378 0 0 0 0 0
0.379 0 0 0 0 0
0.38 0 0 0 0 0
0.381 0 0 0 0 0
0.382 0 0 0 0 0
0.383 0 0 0 0 0
0.384 0 0 0 0 0
0.385 0 0 0 0 0
0.386 0 0 0 0 0
0.387 0 0 0 0 0
0.388 0 0 0 0 0
0.389 0 0 0 0 0
0.39 0 0 0 0 0
0.391 0 0 0 0 0
0.392 0 0 0 0 0
0.393 0 0 0 0 0
0.394 0 0 0 0 0
0.395 0 0 0 0 0
0.396 0 0 0 0 0
0.397 0 0 0 0 0
0.398 0 0 0 0 0
0.399 0 0 0 0 0
0.4 0 0 0 0 0
0.401 0 0 0 0 0
0.402 0 0 0 0 0
0.403 0 0 0 0 0
0.404 0 0 0 0 0
0.405 0 0 0 0 0
0.406 0 0 0 0 0
0.407 0 0 0 0 0
0.408 0 0 0 0 0
0.409 0 0 0 0 0
0.41 0 0 0 0 0
0.411 0 0 0 0 0
0.412 0 0 0 0 0
0.413 0 0 0 0 0
0.414 0 0 0 0 0
0.415 0 0 0 0 0
0.416 0 0 0 0 0
0.417 0 0 0 0 0
0.418 0 0 0 0 0
0.419 0 0 0 0 0
0.42 0 0 0 0 0
0.421 0 0 0 0 0
0.422 0 0 0 0 0
0.423 0 0 0 0 0
0.424 0 0 0 0 0
0.425 0 0 0 0 0
0.426 0 0 0 0 0
0.427 0 0 0 0 0
0.428 0 0 0 0 0
0.429 0 0 0 0 0
0.43 0 0 0 0 0
0.431 0 0 0 0 0
0.432 0 0 0 0 0
0.433 0 0 0 0 0
0.434 0 0 0 0 0
0.435 0 0 0 0 0
0.436 0 0 0 0 0
0.437 0 0 0 0 0
0.438 0 0 0 0 0
0.439 0 0 0 0 0
0.44 0 0 0 0 0
0.441 0 0 0 0 0
0.442 0 0 0 0 0
0.443 0 0 0 0 0
0.444 0 0 0 0 0
0.445 0 0 0 0 0
0.446 0 0 0 0 0
0.447 0 0 0 0 0
0.448 0 0 0 0 0
0.449 0 0 0 0 0
0.45 0 0 0 0 0
0.451 0 0 0 0 0
0.452 0 0 0 0 0
0.453 0 0 0 0 0
0.454 0 0 0 0 0
0.455 0 0 0 0 0
0.456 0 0 0 0 0
0.457 0 0 0 0 0
0.458 0 0 0 0 0
0.459 0 0 0 0 0
0.46 0 0 0 0 0
0.461 0 0 0 0 0
0.462 0 0 0 0 0
0.463 0 0 0 0 0
0.464 0 0 0 0 0
0.465 0 0 0 0 0
0.466 0 0 0 0 0
0.467 0 0 0 0 0
0.468 0 0 0 0 0
0.469 0 0 0 0 0
0.47 0 0 0 0 0
0.471 0 0 0 0 0
0.472 0 0 0 0 0
0.473 0 0 0 0 0
0.474 0 0 0 0 0
0.475 0 0 0 0 0
0.476 0 0 0 0 0
0.477 0 0 0 0 0
0.478 0 0 0 0 0
0.479 0 0 0 0 0
0.48 0 0 0 0 0
0.481 0 0 0 0 0
0.482 0 0 0 0 0
0.483 0 0 0 0 0
0.484 0 0 0 0 0
0.485 0 0 0 0 0
0.486 0 0 0 0 0
0.487 0 0 0 0 0
0.488 0 0 0 0 0
0.489 0 0 0 0 0
0.49 0 0 0 0 0
0.491 0 0 0 0 0
0.492 0 0 0 0 0
0.493 0 0 0 0 0
0.494 0 0 0 0 0
0.495 0 0 0 0 0
0.496 0 0 0 0 0
0.497 0 0 0 0 0
0.498 0 0 0 0 0
0.499 0 0 0 0 0
0.5 0 0 0 0 0
0.501 0.5 0 0 0 0
0.502 0.5 0 0 0 0
0.503 0.5 0 0 0 0
0.504 0.5 0 0 0 0
0.505 0.5 0 0 0 0
0.506 0.5 0 0 0 0
0.507 0.5 0 0 0 0
0.508 0.5 0 0 0 0
0.509 0.5 0 0 0 0
0.51 0.5 0 0 0 0
0.511 0.5 0 0 0 0
0.512 0.5 0 0 0 0
0.513 0.5 0 0 0 0
0.514 0.5 0 0 0 0
0.515 0.5 0 0 0 0
0.516 0.5 0 0 0 0
0.517 0.5 0 0 0 0
0.518 0.5 0 0 0 0
0.519 0.5 0 0 0 0
0.52 0.5 0 0 0 0
0.521 0.5 0 0 0 0
0.522 0.5 0 0 0 0
0.523 0.5 0 0 0 0
0.524 0.5 0 0 0 0
0.525 0.5 0 0 0 0
0.526 0.5 0 0 0 0
0.527 0.5 0 0 0 0
0.528 0.5 0 0 0 0
0.529 0.5 0 0 0 0
0.53 0.5 0 0 0 0
0.531 0.5 0 0 0 0
0.532 0.5 0 0 0 0
0.533 0.5 0 0 0 0
0.534 0.5 0 0 0 0
0.535 0.5 0 0 0 0
0.536 0.5 0 0 0 0
0.537 0.5 0 0 0 0
0.538 0.5 0 0 0 0
0.539 0.5 0 0 0 0
0.54 0.5 0 0 0 0
0.541 0.5 0 0 0 0
0.542 0.5 0 0 0 0
0.543 0.5 0 0 0 0
0.544 0.5 0 0 0 0
0.545 0.5 0 0 0 0
0.546 0.5 0 0 0 0
0.547 0.5 0 0 0 0
0.548 0.5 0 0 0 0
0.549 0.5 0 0 0 0
0.55 0.5 0 0 0 0
0.551 0.5 0 0 0 0
0.552 0.5 0 0 0 0
0.553 0.5 0 0 0 0
0.554 0.5 0 0 0 0
0.555 0.5 0 0 0 0
0.556 0.5 0 0 0 0
0.557 0.5 0 0 0 0
0.558 0.5 0 0 0 0
0.559 0.5 0 0 0 0
0.56 0.5 0 0 0 0
0.561 0.5 0 0 0 0
0.562 0.5 0 0 0 0
0.563 0.5 0 0 0 0
0.564 0.5 0 0 0 0
0.565 0.5 0 0 0 0
0.566 0.5 0 0 0 0
0.567 0.5 0 0 0 0
0.568 0.5 0 0 0 0
0.569 0.5 0 0 0 0
0.57 0.5 0 0 0 0
0.571 0.5 0 0 0 0
0.572 0.5 0 0 0 0
0.573 0.5 0 0 0 0
0.574 0.5 0 0 0 0
0.575 0.5 0 0 0 0
0.576 0.5 0 0 0 0
0.577 0.5 0 0 0 0
0.578 0.5 0 0 0 0
0.579 0.5 0 0 0 0
0.58 0.5 0 0 0 0
0.581 0.5 0 0 0 0
0.582 0.5 0 0 0 0
0.583 0.5 0 0 0 0
0.584 0.5 0 0 0 0
0.585 0.5 0 0 0 0
0.586 0.5 0 0 0 0
0.587 0.5 0 0 0 0
0.588 0.5 0 0 0 0
0.589 0.5 0 0 0 0
0.59 0.5 0 0 0 0
0.591 0.5 0 0 0 0
0.592 0.5 0 0 0 0
0.593 0.5 0 0 0 0
0.594 0.5 0 0 0 0
0.595 0.5 0 0 0 0
0.596 0.5 0 0 0 0
0.597 0.5 0 0 0 0
0.598 0.5 0 0 0 0
0.599 0.5 0 0 0 0
0.6 0.5 0 0 0 0
0.601 0.5 0 0 0 0
0.602 0.5 0 0 0 0
0.603 0.5 0 0 0 0
0.604 0.5 0 0 0 0
0.605 0.5 0 0 0 0
0.606 0.5 0 0 0 0
0.607 0.5 0 0 0 0
0.608 0.5 0 0 0 0
0.609 0.5 0 0 0 0
0.61 0.5 0 0 0 0
0.611 0.5 0 0 0 0
0.612 0.5 0 0 0 0
0.613 0.5 0 0 0 0
0.614 0.5 0 0 0 0
0.615 0.5 0 0 0 0
0.616 0.5 0 0 0 0
0.617 0.5 0 0 0 0
0.618 0.5 0 0 0 0
0.619 0.5 0 0 0 0
0.62 0.5 0 0 0 0
0.621 0.5 0 0 0 0
0.622 0.5 0 0 0 0
0.623 0.5 0 0 0 0
0.624 0.5 0 0 0 0
0.625 0.5 0 0 0 0
0.626 0.5 0 0 0 0
0.627 0.5 0 0 0 0
0.628 0.5 0 0 0 0
0.629 0.5 0 0 0 0
0.63 0.5 0 0 0 0
0.631 0.5 0 0 0 0
0.632 0.5 0 0 0 0
0.633 0.5 0 0 0 0
0.634 0.5 0 0 0 0
0.635 0.5 0 0 0 0
0.636 0.5 0 0 0 0
0.637 0.5 0 0 0 0
0.638 0.5 0 0 0 0
0.639 0.5 0 0 0 0
0.64 0.5 0 0 0 0
0.641 0.5 0 0 0 0
0.642 0.5 0 0 0 0
0.643 0.5 0 0 0 0
0.644 0.5 0 0 0 0
0.645 0.5 0 0 0 0
0.646 0.5 0 0 0 0
0.647 0.5 0 0 0 0
0.648 0.5 0 0 0 0
0.649 0.5 0 0 0 0
0.65 0.5 0 0 0 0
0.651 0.5 0 0 0 0
0.652 0.5 0 0 0 0
0.653 0.5 0 0 0 0
0.654 0.5 0 0 0 0
0.655 0.5 0 0 0 0
0.656 0.5 0 0 0 0
0.657 0.5 0 0 0 0
0.658 0.5 0 0 0 0
0.659 0.5 0 0 0 0
0.66 0.5 0 0 0 0
0.661 0.5 0 0 0 0
0.662 0.5 0 0 0 0
0.663 0.5 0 0 0 0
0.664 0.5 0 0 0 0
0.665 0.5 0 0 0 0
0.666 0.5 0 0 0 0
0.667 0.5 0 0 0 0
0.668 0.5 0 0 0 0
0.669 0.5 0 0 0 0
0.67 0.5 0 0 0 0
0.671 0.5 0 0 0 0
0.672 0.5 0 0 0 0
0.673 0.5 0 0 0 0
0.674 0.5 0 0 0 0
0.675 0.5 0.5 0 0 0
0.676 0.5 0.5 0 0 0
0.677 0.5 0.5 0 0 0
0.678 0.5 0.5 0 0 0
0.679 0.5 0.5 0 0 0
0.68 0.5 0.5 0 0 0
0.681 0.5 0.5 0 0 0
0.682 0.5 0.5 0 0 0
0.683 0.5 0.5 0 0 0
0.684 0.5 0.5 0 0 0
0.685 0.5 0.5 0 0 0
0.686 0.5 0.5 0 0 0
0.687 0.5 0.5 0 0 0
0.688 0.5 0.5 0 0 0
0.689 0.5 0.5 0 0 0
0.69 0.5 0.5 0 0 0
0.691 0.5 0.5 0 0 0
0.692 0.5 0.5 0 0 0
0.693 0.5 0.5 0 0 0
0.694 0.5 0.5 0 0 0
0.695 0.5 0.5 0 0 0
0.696 0.5 0.5 0 0 0
0.697 0.5 0.5 0 0 0
0.698 0.5 0.5 0 0 0
0.699 0.5 0.5 0 0 0
0.7 0.5 0.5 0 0 0
0.701 0.5 0.5 0 0 0
0.702 0.5 0.5 0 0 0
0.703 0.5 0.5 0 0 0
0.704 0.5 0.5 0 0 0
0.705 0.5 0.5 0 0 0
0.706 0.5 0.5 0 0 0
0.707 0.5 0.5 0 0 0
0.708 0.5 0.5 0 0 0
0.709 0.5 0.5 0 0 0
0.71 0.5 0.5 0 0 0
0.711 0.5 0.5 0 0 0
0.712 0.5 0.5 0 0 0
0.713 0.5 0.5 0 0 0
0.714 0.5 0.5 0 0 0
0.715 0.5 0.5 0 0 0
0.716 0.5 0.5 0 0 0
0.717 0.5 0.5 0 0 0
0.718 0.5 0.5 0 0 0
0.719 0.5 0.5 0 0 0
0.72 0.5 0.5 0 0 0
0.721 0.5 0.5 0 0 0
0.722 0.5 0.5 0 0 0
0.723 0.5 0.5 0 0 0
0.724 0.5 0.5 0 0 0
0.725 0.5 0.5 0 0 0
0.726 0.5 0.5 0 0 0
0.727 0.5 0.5 0 0 0
0.728 0.5 0.5 0 0 0
0.729 0.5 0.5 0 0 0
0.73 0.5 0.5 0 0 0
0.731 0.5 0.5 0 0 0
0.732 0.5 0.5 0 0 0
0.733 0.5 0.5 0 0 0
0.734 0.5 0.5 0 0 0
0.735 0.5 0.5 0 0 0
0.736 0.5 0.5 0 0 0
0.737 0.5 0.5 0 0 0
0.738 0.5 0.5 0 0 0
0.739 0.5 0.5 0 0 0
0.74 0.5 0.5 0 0 0
0.741 0.5 0.5 0 0 0
0.742 0.5 0.5 0 0 0
0.743 0.5 0.5 0 0 0
0.744 0.5 0.5 0 0 0
0.745 0.5 0.5 0 0 0
0.746 0.5 0.5 0 0 0
0.747 0.5 0.5 0 0 0
0.748 0.5 0.5 0 0 0
0.749 0.5 0.5 0 0 0
0.75 0.5 0.5 0 0 0
0.751 0.5 0.5 0 0 0
0.752 0.5 0.5 0 0 0
0.753 0.5 0.5 0 0 0
0.754 0.5 0.5 0 0 0
0.755 0.5 0.5 0 0 0
0.756 0.5 0.5 0 0 0
0.757 0.5 0.5 0 0 0
0.758 0.5 0.5 0 0 0
0.759 0.5 0.5 0 0 0
0.76 0.5 0.5 0 0 0
0.761 0.5 0.5 0 0 0
0.762 0.5 0.5 0 0 0
0.763 0.5 0.5 0 0 0
0.764 0.5 0.5 0 0 0
0.765 0.5 0.5 0 0 0
0.766 0.5 0.5 0 0 0
0.767 0.5 0.5 0 0 0
0.768 0.5 0.5 0 0 0
0.769 0.5 0.5 0 0 0
0.77 0.5 0.5 0 0 0
0.771 0.5 0.5 0 0 0
0.772 0.5 0.5 0 0 0
0.773 0.5 0.5 0 0 0
0.774 0.5 0.5 0 0 0
0.775 0.5 0.5 0 0 0
0.776 0.5 0.5 0 0 0
0.777 0.5 0.5 0 0 0
0.778 0.5 0.5 0 0 0
0.779 0.5 0.5 0 0 0
0.78 0.5 0.5 0 0 0
0.781 0.5 0.5 0 0 0
0.782 0.5 0.5 0 0 0
0.783 0.5 0.5 0 0 0
0.784 0.5 0.5 0 0 0
0.785 0.5 0.5 0 0 0
0.786 0.5 0.5 0 0 0
0.787 0.5 0.5 0 0 0
0.788 0.5 0.5 0 0 0
0.789 0.5 0.5 0 0 0
0.79 0.5 0.5 0 0 0
0.791 0.5 0.5 0 0 0
0.792 0.5 0.5 0 0 0
0.793 0.5 0.5 0 0 0
0.794 0.5 0.5 0 0 0
0.795 0.5 0.5 0 0 0
0.796 0.5 0.5 0 0 0
0.797 0.5 0.5 0 0 0
0.798 0.5 0.5 0 0 0
0.799 0.5 0.5 0 0 0
0.8 0.5 0.5 0 0 0
0.801 0.5 0.5 0 0 0
0.802 0.5 0.5 0 0 0
0.803 0.5 0.5 0 0 0
0.804 0.5 0.5 0 0 0
0.805 0.5 0.5 0 0 0
0.806 0.5 0.5 0 0 0
0.807 0.5 0.5 0 0 0
0.808 0.5 0.5 0 0 0
0.809 0.5 0.5 0 0 0
0.81 0.5 0.5 0 0 0
0.811 0.5 0.5 0 0 0
0.812 0.5 0.5 0 0 0
0.813 0.5 0.5 0 0 0
0.814 0.5 0.5 0 0 0
0.815 0.5 0.5 0 0 0
0.816 0.5 0.5 0 0 0
0.817 0.5 0.5 0 0 0
0.818 0.5 0.5 0 0 0
0.819 0.5 0.5 0 0 0
0.82 0.5 0.5 0 0 0
0.821 0.5 0.5 0 0 0
0.822 0.5 0.5 0 0 0
0.823 0.5 0.5 0 0 0
0.824 0.5 0.5 0 0 0
0.825 0.5 0.5 0 0 0
0.826 0.5 0.5 0 0 0
0.827 0.5 0.5 0 0 0
0.828 0.5 0.5 0 0 0
0.829 0.5 0.5 0 0 0
0.83 0.5 0.5 0 0 0
0.831 0.5 0.5 0 0 0
0.832 0.5 0.5 0 0 0
0.833 0.5 0.5 0 0 0
0.834 0.5 0.5 0 0 0
0.835 0.5 0.5 0 0 0
0.836 0.5 0.5 0 0 0
0.837 0.5 0.5 0 0 0
0.838 0.5 0.5 0 0 0
0.839 0.5 0.5 0 0 0
0.84 0.5 0.5 0 0 0
0.841 0.5 0.5 0 0 0
0.842 0.5 0.5 0 0 0
0.843 0.5 0.5 0 0 0
0.844 0.5 0.5 0 0 0
0.845 0.5 0.5 0 0 0
0.846 0.5 0.5 0 0 0
0.847 0.5 0.5 0 0 0
0.848 0.5 0.5 0 0 0
0.849 0.5 0.5 0 0 0
0.85 0.5 0.5 0.5 0 0
0.851 0.5 0.5 0.5 0 0
0.852 0.5 0.5 0.5 0 0
0.853 0.5 0.5 0.5 0 0
0.854 0.5 0.5 0.5 0 0
0.855 0.5 0.5 0.5 0 0
0.856 0.5 0.5 0.5 0 0
0.857 0.5 0.5 0.5 0 0
0.858 0.5 0.5 0.5 0 0
0.859 0.5 0.5 0.5 0 0
0.86 0.5 0.5 0.5 0 0
0.861 0.5 0.5 0.5 0 0
0.862 0.5 0.5 0.5 0 0
0.863 0.5 0.5 0.5 0 0
0.864 0.5 0.5 0.5 0 0
0.865 0.5 0.5 0.5 0 0
0.866 0.5 0.5 0.5 0 0
0.867 0.5 0.5 0.5 0 0
0.868 0.5 0.5 0.5 0 0
0.869 0.5 0.5 0.5 0 0
0.87 0.5 0.5 0.5 0 0
0.871 0.5 0.5 0.5 0 0
0.872 0.5 0.5 0.5 0 0
0.873 0.5 0.5 0.5 0 0
0.874 0.5 0.5 0.5 0 0
0.875 0.5 0.5 0.5 0 0
0.876 0.5 0.5 0.5 0 0
0.877 0.5 0.5 0.5 0 0
0.878 0.5 0.5 0.5 0 0
0.879 0.5 0.5 0.5 0 0
0.88 0.5 0.5 0.5 0 0
0.881 0.5 0.5 0.5 0 0
0.882 0.5 0.5 0.5 0 0
0.883 0.5 0.5 0.5 0 0
0.884 0.5 0.5 0.5 0 0
0.885 0.5 0.5 0.5 0 0
0.886 0.5 0.5 0.5 0 0
0.887 0.5 0.5 0.5 0 0
0.888 0.5 0.5 0.5 0 0
0.889 0.5 0.5 0.5 0 0
0.89 0.5 0.5 0.5 0 0
0.891 0.5 0.5 0.5 0 0
0.892 0.5 0.5 0.5 0 0
0.893 0.5 0.5 0.5 0 0
0.894 0.5 0.5 0.5 0 0
0.895 0.5 0.5 0.5 0 0
0.896 0.5 0.5 0.5 0 0
0.897 0.5 0.5 0.5 0 0
0.898 0.5 0.5 0.5 0 0
0.899 0.5 0.5 0.5 0 0
0.9 0.5 0.5 0.5 0 0
0.901 0.5 0.5 0.5 0 0
0.902 0.5 0.5 0.5 0 0
0.903 0.5 0.5 0.5 0 0
0.904 0.5 0.5 0.5 0 0
0.905 0.5 0.5 0.5 0 0
0.906 0.5 0.5 0.5 0 0
0.907 0.5 0.5 0.5 0 0
0.908 0.5 0.5 0.5 0 0
0.909 0.5 0.5 0.5 0 0
0.91 0.5 0.5 0.5 0 0
0.911 0.5 0.5 0.5 0 0
0.912 0.5 0.5 0.5 0 0
0.913 0.5 0.5 0.5 0 0
0.914 0.5 0.5 0.5 0 0
0.915 0.5 0.5 0.5 0 0
0.916 0.5 0.5 0.5 0 0
0.917 0.5 0.5 0.5 0 0
0.918 0.5 0.5 0.5 0 0
0.919 0.5 0.5 0.5 0 0
0.92 0.5 0.5 0.5 0 0
0.921 0.5 0.5 0.5 0 0
0.922 0.5 0.5 0.5 0 0
0.923 0.5 0.5 0.5 0 0
0.924 0.5 0.5 0.5 0 0
0.925 0.5 0.5 0.5 0 0
0.926 0.5 0.5 0.5 0 0
0.927 0.5 0.5 0.5 0 0
0.928 0.5 0.5 0.5 0 0
0.929 0.5 0.5 0.5 0 0
0.93 0.5 0.5 0.5 0 0
0.931 0.5 0.5 0.5 0 0
0.932 0.5 0.5 0.5 0 0
0.933 0.5 0.5 0.5 0 0
0.934 0.5 0.5 0.5 0 0
0.935 0.5 0.5 0.5 0 0
0.936 0.5 0.5 0.5 0 0
0.937 0.5 0.5 0.5 0 0
0.938 0.5 0.5 0.5 0 0
0.939 0.5 0.5 0.5 0 0
0.94 0.5 0.5 0.5 0 0
0.941 0.5 0.5 0.5 0 0
0.942 0.5 0.5 0.5 0 0
0.943 0.5 0.5 0.5 0 0
0.944 0.5 0.5 0.5 0 0
0.945 0.5 0.5 0.5 0 0
0.946 0.5 0.5 0.5 0 0
0.947 0.5 0.5 0.5 0 0
0.948 0.5 0.5 0.5 0 0
0.949 0.5 0.5 0.5 0 0
0.95 0.5 0.5 0.5 0 0
0.951 0.5 0.5 0.5 0 0
0.952 0.5 0.5 0.5 0 0
0.953 0.5 0.5 0.5 0 0
0.954 0.5 0.5 0.5 0 0
0.955 0.5 0.5 0.5 0 0
0.956 0.5 0.5 0.5 0 0
0.957 0.5 0.5 0.5 0 0
0.958 0.5 0.5 0.5 0 0
0.959 0.5 0.5 0.5 0 0
0.96 0.5 0.5 0.5 0 0
0.961 0.5 0.5 0.5 0 0
0.962 0.5 0.5 0.5 0 0
0.963 0.5 0.5 0.5 0 0
0.964 0.5 0.5 0.5 0 0
0.965 0.5 0.5 0.5 0 0
0.966 0.5 0.5 0.5 0 0
0.967 0.5 0.5 0.5 0 0
0.968 0.5 0.5 0.5 0 0
0.969 0.5 0.5 0.5 0 0
0.97 0.5 0.5 0.5 0 0
0.971 0.5 0.5 0.5 0 0
0.972 0.5 0.5 0.5 0 0
0.973 0.5 0.5 0.5 0 0
0.974 0.5 0.5 0.5 0 0
0.975 0.5 0.5 0.5 0 0
0.976 0.5 0.5 0.5 0 0
0.977 0.5 0.5 0.5 0 0
0.978 0.5 0.5 0.5 0 0
0.979 0.5 0.5 0.5 0 0
0.98 0.5 0.5 0.5 0 0
0.981 0.5 0.5 0.5 0 0
0.982 0.5 0.5 0.5 0 0
0.983 0.5 0.5 0.5 0 0
0.984 0.5 0.5 0.5 0 0
0.985 0.5 0.5 0.5 0 0
0.986 0.5 0.5 0.5 0 0
0.987 0.5 0.5 0.5 0 0
0.988 0.5 0.5 0.5 0 0
0.989 0.5 0.5 0.5 0 0
0.99 0.5 0.5 0.5 0 0
0.991 0.5 0.5 0.5 0 0
0.992 0.5 0.5 0.5 0 0
0.993 0.5 0.5 0.5 0 0
0.994 0.5 0.5 0.5 0 0
0.995 0.5 0.5 0.5 0 0
0.996 0.5 0.5 0.5 0 0
0.997 0.5 0.5 0.5 0 0
0.998 0.5 0.5 0.5 0 0
0.999 0.5 0.5 0.5 0 0
1 0.5 0.5 0.5 0 0
1.001 0.5 0.5 0.5 0 0
1.002 0.5 0.5 0.5 0 0
1.003 0.5 0.5 0.5 0 0
1.004 0.5 0.5 0.5 0 0
1.005 0.5 0.5 0.5 0 0
1.006 0.5 0.5 0.5 0 0
1.007 0.5 0.5 0.5 0 0
1.008 0.5 0.5 0.5 0 0
1.009 0.5 0.5 0.5 0 0
1.01 0.5 0.5 0.5 0 0
1.011 0.5 0.5 0.5 0 0
1.012 0.5 0.5 0.5 0 0
1.013 0.5 0.5 0.5 0 0
1.014 0.5 0.5 0.5 0 0
1.015 0.5 0.5 0.5 0 0
1.016 0.5 0.5 0.5 0 0
1.017 0.5 0.5 0.5 0 0
1.018 0.5 0.5 0.5 0 0
1.019 0.5 0.5 0.5 0 0
1.02 0.5 0.5 0.5 0 0
1.021 0.5 0.5 0.5 0 0
1.022 0.5 0.5 0.5 0 0
1.023 0.5 0.5 0.5 0 0
1.024 0.5 0.5 0.5 0 0
1.025 0.5 0.5 0.5 0.5 0
1.026 0.5 0.5 0.5 0.5 0
1.027 0.5 0.5 0.5 0.5 0
1.028 0.5 0.5 0.5 0.5 0
1.029 0.5 0.5 0.5 0.5 0
1.03 0.5 0.5 0.5 0.5 0
1.031 0.5 0.5 0.5 0.5 0
1.032 0.5 0.5 0.5 0.5 0
1.033 0.5 0.5 0.5 0.5 0
1.034 0.5 0.5 0.5 0.5 0
1.035 0.5 0.5 0.5 0.5 0
1.036 0.5 0.5 0.5 0.5 0
1.037 0.5 0.5 0.5 0.5 0
1.038 0.5 0.5 0.5 0.5 0
1.039 0.5 0.5 0.5 0.5 0
1.04 0.5 0.5 0.5 0.5 0
1.041 0.5 0.5 0.5 0.5 0
1.042 0.5 0.5 0.5 0.5 0
1.043 0.5 0.5 0.5 0.5 0
1.044 0.5 0.5 0.5 0.5 0
1.045 0.5 0.5 0.5 0.5 0
1.046 0.5 0.5 0.5 0.5 0
1.047 0.5 0.5 0.5 0.5 0
1.048 0.5 0.5 0.5 0.5 0
1.049 0.5 0.5 0.5 0.5 0
1.05 0.5 0.5 0.5 0.5 0
1.051 0.5 0.5 0.5 0.5 0
1.052 0.5 0.5 0.5 0.5 0
1.053 0.5 0.5 0.5 0.5 0
1.054 0.5 0.5 0.5 0.5 0
1.055 0.5 0.5 0.5 0.5 0
1.056 0.5 0.5 0.5 0.5 0
1.057 0.5 0.5 0.5 0.5 0
1.058 0.5 0.5 0.5 0.5 0
1.059 0.5 0.5 0.5 0.5 0
1.06 0.5 0.5 0.5 0.5 0
1.061 0.5 0.5 0.5 0.5 0
1.062 0.5 0.5 0.5 0.5 0
1.063 0.5 0.5 0.5 0.5 0
1.064 0.5 0.5 0.5 0.5 0
1.065 0.5 0.5 0.5 0.5 0
1.066 0.5 0.5 0.5 0.5 0
1.067 0.5 0.5 0.5 0.5 0
1.068 0.5 0.5 0.5 0.5 0
1.069 0.5 0.5 0.5 0.5 0
1.07 0.5 0.5 0.5 0.5 0
1.071 0.5 0.5 0.5 0.5 0
1.072 0.5 0.5 0.5 0.5 0
1.073 0.5 0.5 0.5 0.5 0
1.074 0.5 0.5 0.5 0.5 0
1.075 0.5 0.5 0.5 0.5 0
1.076 0.5 0.5 0.5 0.5 0
1.077 0.5 0.5 0.5 0.5 0
1.078 0.5 0.5 0.5 0.5 0
1.079 0.5 0.5 0.5 0.5 0
1.08 0.5 0.5 0.5 0.5 0
1.081 0.5 0.5 0.5 0.5 0
1.082 0.5 0.5 0.5 0.5 0
1.083 0.5 0.5 0.5 0.5 0
1.084 0.5 0.5 0.5 0.5 0
1.085 0.5 0.5 0.5 0.5 0
1.086 0.5 0.5 0.5 0.5 0
1.087 0.5 0.5 0.5 0.5 0
1.088 0.5 0.5 0.5 0.5 0
1.089 0.5 0.5 0.5 0.5 0
1.09 0.5 0.5 0.5 0.5 0
1.091 0.5 0.5 0.5 0.5 0
1.092 0.5 0.5 0.5 0.5 0
1.093 0.5 0.5 0.5 0.5 0
1.094 0.5 0.5 0.5 0.5 0
1.095 0.5 0.5 0.5 0.5 0
1.096 0.5 0.5 0.5 0.5 0
1.097 0.5 0.5 0.5 0.5 0
1.098 0.5 0.5 0.5 0.5 0
1.099 0.5 0.5 0.5 0.5 0
1.1 0.5 0.5 0.5 0.5 0
1.101 0.5 0.5 0.5 0.5 0
1.102 0.5 0.5 0.5 0.5 0
1.103 0.5 0.5 0.5 0.5 0
1.104 0.5 0.5 0.5 0.5 0
1.105 0.5 0.5 0.5 0.5 0
1.106 0.5 0.5 0.5 0.5 0
1.107 0.5 0.5 0.5 0.5 0
1.108 0.5 0.5 0.5 0.5 0
1.109 0.5 0.5 0.5 0.5 0
1.11 0.5 0.5 0.5 0.5 0
1.111 0.5 0.5 0.5 0.5 0
1.112 0.5 0.5 0.5 0.5 0
1.113 0.5 0.5 0.5 0.5 0
1.114 0.5 0.5 0.5 0.5 0
1.115 0.5 0.5 0.5 0.5 0
1.116 0.5 0.5 0.5 0.5 0
1.117 0.5 0.5 0.5 0.5 0
1.118 0.5 0.5 0.5 0.5 0
1.119 0.5 0.5 0.5 0.5 0
1.12 0.5 0.5 0.5 0.5 0
1.121 0.5 0.5 0.5 0.5 0
1.122 0.5 0.5 0.5 0.5 0
1.123 0.5 0.5 0.5 0.5 0
1.124 0.5 0.5 0.5 0.5 0
1.125 0.5 0.5 0.5 0.5 0
1.126 0.5 0.5 0.5 0.5 0
1.127 0.5 0.5 0.5 0.5 0
1.128 0.5 0.5 0.5 0.5 0
1.129 0.5 0.5 0.5 0.5 0
1.13 0.5 0.5 0.5 0.5 0
1.131 0.5 0.5 0.5 0.5 0
1.132 0.5 0.5 0.5 0.5 0
1.133 0.5 0.5 0.5 0.5 0
1.134 0.5 0.5 0.5 0.5 0
1.135 0.5 0.5 0.5 0.5 0
1.136 0.5 0.5 0.5 0.5 0
1.137 0.5 0.5 0.5 0.5 0
1.138 0.5 0.5 0.5 0.5 0
1.139 0.5 0.5 0.5 0.5 0
1.14 0.5 0.5 0.5 0.5 0
1.141 0.5 0.5 0.5 0.5 0
1.142 0.5 0.5 0.5 0.5 0
1.143 0.5 0.5 0.5 0.5 0
1.144 0.5 0.5 0.5 0.5 0
1.145 0.5 0.5 0.5 0.5 0
1.146 0.5 0.5 0.5 0.5 0
1.147 0.5 0.5 0.5 0.5 0
1.148 0.5 0.5 0.5 0.5 0
1.149 0.5 0.5 0.5 0.5 0
1.15 0.5 0.5 0.5 0.5 0
1.151 0.5 0.5 0.5 0.5 0
1.152 0.5 0.5 0.5 0.5 0
1.153 0.5 0.5 0.5 0.5 0
1.154 0.5 0.5 0.5 0.5 0
1.155 0.5 0.5 0.5 0.5 0
1.156 0.5 0.5 0.5 0.5 0
1.157 0.5 0.5 0.5 0.5 0
1.158 0.5 0.5 0.5 0.5 0
1.159 0.5 0.5 0.5 0.5 0
1.16 0.5 0.5 0.5 0.5 0
1.161 0.5 0.5 0.5 0.5 0
1.162 0.5 0.5 0.5 0.5 0
1.163 0.5 0.5 0.5 0.5 0
1.164 0.5 0.5 0.5 0.5 0
1.165 0.5 0.5 0.5 0.5 0
1.166 0.5 0.5 0.5 0.5 0
1.167 0.5 0.5 0.5 0.5 0
1.168 0.5 0.5 0.5 0.5 0
1.169 0.5 0.5 0.5 0.5 0
1.17 0.5 0.5 0.5 0.5 0
1.171 0.5 0.5 0.5 0.5 0
1.172 0.5 0.5 0.5 0.5 0
1.173 0.5 0.5 0.5 0.5 0
1.174 0.5 0.5 0.5 0.5 0
1.175 0.5 0.5 0.5 0.5 0
1.176 0.5 0.5 0.5 0.5 0
1.177 0.5 0.5 0.5 0.5 0
1.178 0.5 0.5 0.5 0.5 0
1.179 0.5 0.5 0.5 0.5 0
1.18 0.5 0.5 0.5 0.5 0
1.181 0.5 0.5 0.5 0.5 0
1.182 0.5 0.5 0.5 0.5 0
1.183 0.5 0.5 0.5 0.5 0
1.184 0.5 0.5 0.5 0.5 0
1.185 0.5 0.5 0.5 0.5 0
1.186 0.5 0.5 0.5 0.5 0
1.187 0.5 0.5 0.5 0.5 0
1.188 0.5 0.5 0.5 0.5 0
1.189 0.5 0.5 0.5 0.5 0
1.19 0.5 0.5 0.5 0.5 0
1.191 0.5 0.5 0.5 0.5 0
1.192 0.5 0.5 0.5 0.5 0
1.193 0.5 0.5 0.5 0.5 0
1.194 0.5 0.5 0.5 0.5 0
1.195 0.5 0.5 0.5 0.5 0
1.196 0.5 0.5 0.5 0.5 0
1.197 0.5 0.5 0.5 0.5 0
1.198 0.5 0.5 0.5 0.5 0
1.199 0.5 0.5 0.5 0.5 0
1.2 0.5 0.5 0.5 0.5 0.5
1.201 0.5 0.5 0.5 0.5 0.5
1.202 0.5 0.5 0.5 0.5 0.5
1.203 0.5 0.5 0.5 0.5 0.5
1.204 0.5 0.5 0.5 0.5 0.5
1.205 0.5 0.5 0.5 0.5 0.5
1.206 0.5 0.5 0.5 0.5 0.5
1.207 0.5 0.5 0.5 0.5 0.5
1.208 0.5 0.5 0.5 0.5 0.5
1.209 0.5 0.5 0.5 0.5 0.5
1.21 0.5 0.5 0.5 0.5 0.5
1.211 0.5 0.5 0.5 0.5 0.5
1.212 0.5 0.5 0.5 0.5 0.5
1.213 0.5 0.5 0.5 0.5 0.5
1.214 0.5 0.5 0.5 0.5 0.5
1.215 0.5 0.5 0.5 0.5 0.5
1.216 0.5 0.5 0.5 0.5 0.5
1.217 0.5 0.5 0.5 0.5 0.5
1.218 0.5 0.5 0.5 0.5 0.5
1.219 0.5 0.5 0.5 0.5 0.5
1.22 0.5 0.5 0.5 0.5 0.5
1.221 0.5 0.5 0.5 0.5 0.5
1.222 0.5 0.5 0.5 0.5 0.5
1.223 0.5 0.5 0.5 0.5 0.5
1.224 0.5 0.5 0.5 0.5 0.5
1.225 0.5 0.5 0.5 0.5 0.5
1.226 0.5 0.5 0.5 0.5 0.5
1.227 0.5 0.5 0.5 0.5 0.5
1.228 0.5 0.5 0.5 0.5 0.5
1.229 0.5 0.5 0.5 0.5 0.5
1.23 0.5 0.5 0.5 0.5 0.5
1.231 0.5 0.5 0.5 0.5 0.5
1.232 0.5 0.5 0.5 0.5 0.5
1.233 0.5 0.5 0.5 0.5 0.5
1.234 0.5 0.5 0.5 0.5 0.5
1.235 0.5 0.5 0.5 0.5 0.5
1.236 0.5 0.5 0.5 0.5 0.5
1.237 0.5 0.5 0.5 0.5 0.5
1.238 0.5 0.5 0.5 0.5 0.5
1.239 0.5 0.5 0.5 0.5 0.5
1.24 0.5 0.5 0.5 0.5 0.5
1.241 0.5 0.5 0.5 0.5 0.5
1.242 0.5 0.5 0.5 0.5 0.5
1.243 0.5 0.5 0.5 0.5 0.5
1.244 0.5 0.5 0.5 0.5 0.5
1.245 0.5 0.5 0.5 0.5 0.5
1.246 0.5 0.5 0.5 0.5 0.5
1.247 0.5 0.5 0.5 0.5 0.5
1.248 0.5 0.5 0.5 0.5 0.5
1.249 0.5 0.5 0.5 0.5 0.5
1.25 0.5 0.5 0.5 0.5 0.5
1.251 0.5 0.5 0.5 0.5 0.5
1.252 0.5 0.5 0.5 0.5 0.5
1.253 0.5 0.5 0.5 0.5 0.5
1.254 0.5 0.5 0.5 0.5 0.5
1.255 0.5 0.5 0.5 0.5 0.5
1.256 0.5 0.5 0.5 0.5 0.5
1.257 0.5 0.5 0.5 0.5 0.5
1.258 0.5 0.5 0.5 0.5 0.5
1.259 0.5 0.5 0.5 0.5 0.5
1.26 0.5 0.5 0.5 0.5 0.5
1.261 0.5 0.5 0.5 0.5 0.5
1.262 0.5 0.5 0.5 0.5 0.5
1.263 0.5 0.5 0.5 0.5 0.5
1.264 0.5 0.5 0.5 0.5 0.5
1.265 0.5 0.5 0.5 0.5 0.5
1.266 0.5 0.5 0.5 0.5 0.5
1.267 0.5 0.5 0.5 0.5 0.5
1.268 0.5 0.5 0.5 0.5 0.5
1.269 0.5 0.5 0.5 0.5 0.5
1.27 0.5 0.5 0.5 0.5 0.5
1.271 0.5 0.5 0.5 0.5 0.5
1.272 0.5 0.5 0.5 0.5 0.5
1.273 0.5 0.5 0.5 0.5 0.5
1.274 0.5 0.5 0.5 0.5 0.5
1.275 0.5 0.5 0.5 0.5 0.5
1.276 0.5 0.5 0.5 0.5 0.5
1.277 0.5 0.5 0.5 0.5 0.5
1.278 0.5 0.5 0.5 0.5 0.5
1.279 0.5 0.5 0.5 0.5 0.5
1.28 0.5 0.5 0.5 0.5 0.5
1.281 0.5 0.5 0.5 0.5 0.5
1.282 0.5 0.5 0.5 0.5 0.5
1.283 0.5 0.5 0.5 0.5 0.5
1.284 0.5 0.5 0.5 0.5 0.5
1.285 0.5 0.5 0.5 0.5 0.5
1.286 0.5 0.5 0.5 0.5 0.5
1.287 0.5 0.5 0.5 0.5 0.5
1.288 0.5 0.5 0.5 0.5 0.5
1.289 0.5 0.5 0.5 0.5 0.5
1.29 0.5 0.5 0.5 0.5 0.5
1.291 0.5 0.5 0.5 0.5 0.5
1.292 0.5 0.5 0.5 0.5 0.5
1.293 0.5 0.5 0.5 0.5 0.5
1.294 0.5 0.5 0.5 0.5 0.5
1.295 0.5 0.5 0.5 0.5 0.5
1.296 0.5 0.5 0.5 0.5 0.5
1.297 0.5 0.5 0.5 0.5 0.5
1.298 0.5 0.5 0.5 0.5 0.5
1.299 0.5 0.5 0.5 0.5 0.5
1.3 0.5 0.5 0.5 0.5 0.5
1.301 0.5 0.5 0.5 0.5 0.5
1.302 0.5 0.5 0.5 0.5 0.5
1.303 0.5 0.5 0.5 0.5 0.5
1.304 0.5 0.5 0.5 0.5 0.5
1.305 0.5 0.5 0.5 0.5 0.5
1.306 0.5 0.5 0.5 0.5 0.5
1.307 0.5 0.5 0.5 0.5 0.5
1.308 0.5 0.5 0.5 0.5 0.5
1.309 0.5 0.5 0.5 0.5 0.5
1.31 0.5 0.5 0.5 0.5 0.5
1.311 0.5 0.5 0.5 0.5 0.5
1.312 0.5 0.5 0.5 0.5 0.5
1.313 0.5 0.5 0.5 0.5 0.5
1.314 0.5 0.5 0.5 0.5 0.5
1.315 0.5 0.5 0.5 0.5 0.5
1.316 0.5 0.5 0.5 0.5 0.5
1.317 0.5 0.5 0.5 0.5 0.5
1.318 0.5 0.5 0.5 0.5 0.5
1.319 0.5 0.5 0.5 0.5 0.5
1.32 0.5 0.5 0.5 0.5 0.5
1.321 0.5 0.5 0.5 0.5 0.5
1.322 0.5 0.5 0.5 0.5 0.5
1.323 0.5 0.5 0.5 0.5 0.5
1.324 0.5 0.5 0.5 0.5 0.5
1.325 0.5 0.5 0.5 0.5 0.5
1.326 0.5 0.5 0.5 0.5 0.5
1.327 0.5 0.5 0.5 0.5 0.5
1.328 0.5 0.5 0.5 0.5 0.5
1.329 0.5 0.5 0.5 0.5 0.5
1.33 0.5 0.5 0.5 0.5 0.5
1.331 0.5 0.5 0.5 0.5 0.5
1.332 0.5 0.5 0.5 0.5 0.5
1.333 0.5 0.5 0.5 0.5 0.5
1.334 0.5 0.5 0.5 0.5 0.5
1.335 0.5 0.5 0.5 0.5 0.5
1.336 0.5 0.5 0.5 0.5 0.5
1.337 0.5 0.5 0.5 0.5 0.5
1.338 0.5 0.5 0.5 0.5 0.5
1.339 0.5 0.5 0.5 0.5 0.5
1.34 0.5 0.5 0.5 0.5 0.5
1.341 0.5 0.5 0.5 0.5 0.5
1.342 0.5 0.5 0.5 0.5 0.5
1.343 0.5 0.5 0.5 0.5 0.5
1.344 0.5 0.5 0.5 0.5 0.5
1.345 0.5 0.5 0.5 0.5 0.5
1.346 0.5 0.5 0.5 0.5 0.5
1.347 0.5 0.5 0.5 0.5 0.5
1.348 0.5 0.5 0.5 0.5 0.5
1.349 0.5 0.5 0.5 0.5 0.5
1.35 0.5 0.5 0.5 0.5 0.5
1.351 0.5 0.5 0.5 0.5 0.5
1.352 0.5 0.5 0.5 0.5 0.5
1.353 0.5 0.5 0.5 0.5 0.5
1.354 0.5 0.5 0.5 0.5 0.5
1.355 0.5 0.5 0.5 0.5 0.5
1.356 0.5 0.5 0.5 0.5 0.5
1.357 0.5 0.5 0.5 0.5 0.5
1.358 0.5 0.5 0.5 0.5 0.5
1.359 0.5 0.5 0.5 0.5 0.5
1.36 0.5 0.5 0.5 0.5 0.5
1.361 0.5 0.5 0.5 0.5 0.5
1.362 0.5 0.5 0.5 0.5 0.5
1.363 0.5 0.5 0.5 0.5 0.5
1.364 0.5 0.5 0.5 0.5 0.5
1.365 0.5 0.5 0.5 0.5 0.5
1.366 0.5 0.5 0.5 0.5 0.5
1.367 0.5 0.5 0.5 0.5 0.5
1.368 0.5 0.5 0.5 0.5 0.5
1.369 0.5 0.5 0.5 0.5 0.5
1.37 0.5 0.5 0.5 0.5 0.5
1.371 0.5 0.5 0.5 0.5 0.5
1.372 0.5 0.5 0.5 0.5 0.5
1.373 0.5 0.5 0.5 0.5 0.5
1.374 0.5 0.5 0.5 0.5 0.5
1.375 0.5 0.5 0.5 0.5 0.5
1.376 0.5 0.5 0.5 0.5 0.5
1.377 0.5 0.5 0.5 0.5 0.5
1.378 0.5 0.5 0.5 0.5 0.5
1.379 0.5 0.5 0.5 0.5 0.5
1.38 0.5 0.5 0.5 0.5 0.5
1.381 0.5 0.5 0.5 0.5 0.5
1.382 0.5 0.5 0.5 0.5 0.5
1.383 0.5 0.5 0.5 0.5 0.5
1.384 0.5 0.5 0.5 0.5 0.5
1.385 0.5 0.5 0.5 0.5 0.5
1.386 0.5 0.5 0.5 0.5 0.5
1.387 0.5 0.5 0.5 0.5 0.5
1.388 0.5 0.5 0.5 0.5 0.5
1.389 0.5 0.5 0.5 0.5 0.5
1.39 0.5 0.5 0.5 0.5 0.5
1.391 0.5 0.5 0.5 0.5 0.5
1.392 0.5 0.5 0.5 0.5 0.5
1.393 0.5 0.5 0.5 0.5 0.5
1.394 0.5 0.5 0.5 0.5 0.5
1.395 0.5 0.5 0.5 0.5 0.5
1.396 0.5 0.5 0.5 0.5 0.5
1.397 0.5 0.5 0.5 0.5 0.5
1.398 0.5 0.5 0.5 0.5 0.5
1.399 0.5 0.5 0.5 0.5 0.5
1.4 0.5 0.5 0.5 0.5 0.5
1.401 0.5 0.5 0.5 0.5 0.5
1.402 0.5 0.5 0.5 0.5 0.5
1.403 0.5 0.5 0.5 0.5 0.5
1.404 0.5 0.5 0.5 0.5 0.5
1.405 0.5 0.5 0.5 0.5 0.5
1.406 0.5 0.5 0.5 0.5 0.5
1.407 0.5 0.5 0.5 0.5 0.5
1.408 0.5 0.5 0.5 0.5 0.5
1.409 0.5 0.5 0.5 0.5 0.5
1.41 0.5 0.5 0.5 0.5 0.5
1.411 0.5 0.5 0.5 0.5 0.5
1.412 0.5 0.5 0.5 0.5 0.5
1.413 0.5 0.5 0.5 0.5 0.5
1.414 0.5 0.5 0.5 0.5 0.5
1.415 0.5 0.5 0.5 0.5 0.5
1.416 0.5 0.5 0.5 0.5 0.5
1.417 0.5 0.5 0.5 0.5 0.5
1.418 0.5 0.5 0.5 0.5 0.5
1.419 0.5 0.5 0.5 0.5 0.5
1.42 0.5 0.5 0.5 0.5 0.5
1.421 0.5 0.5 0.5 0.5 0.5
1.422 0.5 0.5 0.5 0.5 0.5
1.423 0.5 0.5 0.5 0.5 0.5
1.424 0.5 0.5 0.5 0.5 0.5
1.425 0.5 0.5 0.5 0.5 0.5
1.426 0.5 0.5 0.5 0.5 0.5
1.427 0.5 0.5 0.5 0.5 0.5
1.428 0.5 0.5 0.5 0.5 0.5
1.429 0.5 0.5 0.5 0.5 0.5
1.43 0.5 0.5 0.5 0.5 0.5
1.431 0.5 0.5 0.5 0.5 0.5
1.432 0.5 0.5 0.5 0.5 0.5
1.433 0.5 0.5 0.5 0.5 0.5
1.434 0.5 0.5 0.5 0.5 0.5
1.435 0.5 0.5 0.5 0.5 0.5
1.436 0.5 0.5 0.5 0.5 0.5
1.437 0.5 0.5 0.5 0.5 0.5
1.438 0.5 0.5 0.5 0.5 0.5
1.439 0.5 0.5 0.5 0.5 0.5
1.44 0.5 0.5 0.5 0.5 0.5
1.441 0.5 0.5 0.5 0.5 0.5
1.442 0.5 0.5 0.5 0.5 0.5
1.443 0.5 0.5 0.5 0.5 0.5
1.444 0.5 0.5 0.5 0.5 0.5
1.445 0.5 0.5 0.5 0.5 0.5
1.446 0.5 0.5 0.5 0.5 0.5
1.447 0.5 0.5 0.5 0.5 0.5
1.448 0.5 0.5 0.5 0.5 0.5
1.449 0.5 0.5 0.5 0.5 0.5
1.45 0.5 0.5 0.5 0.5 0.5
1.451 0.5 0.5 0.5 0.5 0.5
1.452 0.5 0.5 0.5 0.5 0.5
1.453 0.5 0.5 0.5 0.5 0.5
1.454 0.5 0.5 0.5 0.5 0.5
1.455 0.5 0.5 0.5 0.5 0.5
1.456 0.5 0.5 0.5 0.5 0.5
1.457 0.5 0.5 0.5 0.5 0.5
1.458 0.5 0.5 0.5 0.5 0.5
1.459 0.5 0.5 0.5 0.5 0.5
1.46 0.5 0.5 0.5 0.5 0.5
1.461 0.5 0.5 0.5 0.5 0.5
1.462 0.5 0.5 0.5 0.5 0.5
1.463 0.5 0.5 0.5 0.5 0.5
1.464 0.5 0.5 0.5 0.5 0.5
1.465 0.5 0.5 0.5 0.5 0.5
1.466 0.5 0.5 0.5 0.5 0.5
1.467 0.5 0.5 0.5 0.5 0.5
1.468 0.5 0.5 0.5 0.5 0.5
1.469 0.5 0.5 0.5 0.5 0.5
1.47 0.5 0.5 0.5 0.5 0.5
1.471 0.5 0.5 0.5 0.5 0.5
1.472 0.5 0.5 0.5 0.5 0.5
1.473 0.5 0.5 0.5 0.5 0.5
1.474 0.5 0.5 0.5 0.5 0.5
1.475 0.5 0.5 0.5 0.5 0.5
1.476 0.5 0.5 0.5 0.5 0.5
1.477 0.5 0.5 0.5 0.5 0.5
1.478 0.5 0.5 0.5 0.5 0.5
1.479 0.5 0.5 0.5 0.5 0.5
1.48 0.5 0.5 0.5 0.5 0.5
1.481 0.5 0.5 0.5 0.5 0.5
1.482 0.5 0.5 0.5 0.5 0.5
1.483 0.5 0.5 0.5 0.5 0.5
1.484 0.5 0.5 0.5 0.5 0.5
1.485 0.5 0.5 0.5 0.5 0.5
1.486 0.5 0.5 0.5 0.5 0.5
1.487 0.5 0.5 0.5 0.5 0.5
1.488 0.5 0.5 0.5 0.5 0.5
1.489 0.5 0.5 0.5 0.5 0.5
1.49 0.5 0.5 0.5 0.5 0.5
1.491 0.5 0.5 0.5 0.5 0.5
1.492 0.5 0.5 0.5 0.5 0.5
1.493 0.5 0.5 0.5 0.5 0.5
1.494 0.5 0.5 0.5 0.5 0.5
1.495 0.5 0.5 0.5 0.5 0.5
1.496 0.5 0.5 0.5 0.5 0.5
1.497 0.5 0.5 0.5 0.5 0.5
1.498 0.5 0.5 0.5 0.5 0.5
1.499 0.5 0.5 0.5 0.5 0.5
1.5 0.5 0.5 0.5 0.5 0.5
1.501 0.5 0.5 0.5 0.5 0.5
1.502 0.5 0.5 0.5 0.5 0.5
1.503 0.5 0.5 0.5 0.5 0.5
1.504 0.5 0.5 0.5 0.5 0.5
1.505 0.5 0.5 0.5 0.5 0.5
1.506 0.5 0.5 0.5 0.5 0.5
1.507 0.5 0.5 0.5 0.5 0.5
1.508 0.5 0.5 0.5 0.5 0.5
1.509 0.5 0.5 0.5 0.5 0.5
1.51 0.5 0.5 0.5 0.5 0.5
1.511 0.5 0.5 0.5 0.5 0.5
1.512 0.5 0.5 0.5 0.5 0.5
1.513 0.5 0.5 0.5 0.5 0.5
1.514 0.5 0.5 0.5 0.5 0.5
1.515 0.5 0.5 0.5 0.5 0.5
1.516 0.5 0.5 0.5 0.5 0.5
1.517 0.5 0.5 0.5 0.5 0.5
1.518 0.5 0.5 0.5 0.5 0.5
1.519 0.5 0.5 0.5 0.5 0.5
1.52 0.5 0.5 0.5 0.5 0.5
1.521 0.5 0.5 0.5 0.5 0.5
1.522 0.5 0.5 0.5 0.5 0.5
1.523 0.5 0.5 0.5 0.5 0.5
1.524 0.5 0.5 0.5 0.5 0.5
1.525 0.5 0.5 0.5 0.5 0.5
1.526 0.5 0.5 0.5 0.5 0.5
1.527 0.5 0.5 0.5 0.5 0.5
1.528 0.5 0.5 0.5 0.5 0.5
1.529 0.5 0.5 0.5 0.5 0.5
1.53 0.5 0.5 0.5 0.5 0.5
1.531 0.5 0.5 0.5 0.5 0.5
1.532 0.5 0.5 0.5 0.5 0.5
1.533 0.5 0.5 0.5 0.5 0.5
1.534 0.5 0.5 0.5 0.5 0.5
1.535 0.5 0.5 0.5 0.5 0.5
1.536 0.5 0.5 0.5 0.5 0.5
1.537 0.5 0.5 0.5 0.5 0.5
1.538 0.5 0.5 0.5 0.5 0.5
1.539 0.5 0.5 0.5 0.5 0.5
1.54 0.5 0.5 0.5 0.5 0.5
1.541 0.5 0.5 0.5 0.5 0.5
1.542 0.5 0.5 0.5 0.5 0.5
1.543 0.5 0.5 0.5 0.5 0.5
1.544 0.5 0.5 0.5 0.5 0.5
1.545 0.5 0.5 0.5 0.5 0.5
1.546 0.5 0.5 0.5 0.5 0.5
1.547 0.5 0.5 0.5 0.5 0.5
1.548 0.5 0.5 0.5 0.5 0.5
1.549 0.5 0.5 0.5 0.5 0.5
1.55 0.5 0.5 0.5 0.5 0.5
1.551 0.5 0.5 0.5 0.5 0.5
1.552 0.5 0.5 0.5 0.5 0.5
1.553 0.5 0.5 0.5 0.5 0.5
1.554 0.5 0.5 0.5 0.5 0.5
1.555 0.5 0.5 0.5 0.5 0.5
1.556 0.5 0.5 0.5 0.5 0.5
1.557 0.5 0.5 0.5 0.5 0.5
1.558 0.5 0.5 0.5 0.5 0.5
1.559 0.5 0.5 0.5 0.5 0.5
1.56 0.5 0.5 0.5 0.5 0.5
1.561 0.5 0.5 0.5 0.5 0.5
1.562 0.5 0.5 0.5 0.5 0.5
1.563 0.5 0.5 0.5 0.5 0.5
1.564 0.5 0.5 0.5 0.5 0.5
1.565 0.5 0.5 0.5 0.5 0.5
1.566 0.5 0.5 0.5 0.5 0.5
1.567 0.5 0.5 0.5 0.5 0.5
1.568 0.5 0.5 0.5 0.5 0.5
1.569 0.5 0.5 0.5 0.5 0.5
1.57 0.5 0.5 0.5 0.5 0.5
1.571 0.5 0.5 0.5 0.5 0.5
1.572 0.5 0.5 0.5 0.5 0.5
1.573 0.5 0.5 0.5 0.5 0.5
1.574 0.5 0.5 0.5 0.5 0.5
1.575 0.5 0.5 0.5 0.5 0.5
1.576 0.5 0.5 0.5 0.5 0.5
1.577 0.5 0.5 0.5 0.5 0.5
1.578 0.5 0.5 0.5 0.5 0.5
1.579 0.5 0.5 0.5 0.5 0.5
1.58 0.5 0.5 0.5 0.5 0.5
1.581 0.5 0.5 0.5 0.5 0.5
1.582 0.5 0.5 0.5 0.5 0.5
1.583 0.5 0.5 0.5 0.5 0.5
1.584 0.5 0.5 0.5 0.5 0.5
1.585 0.5 0.5 0.5 0.5 0.5
1.586 0.5 0.5 0.5 0.5 0.5
1.587 0.5 0.5 0.5 0.5 0.5
1.588 0.5 0.5 0.5 0.5 0.5
1.589 0.5 0.5 0.5 0.5 0.5
1.59 0.5 0.5 0.5 0.5 0.5
1.591 0.5 0.5 0.5 0.5 0.5
1.592 0.5 0.5 0.5 0.5 0.5
1.593 0.5 0.5 0.5 0.5 0.5
1.594 0.5 0.5 0.5 0.5 0.5
1.595 0.5 0.5 0.5 0.5 0.5
1.596 0.5 0.5 0.5 0.5 0.5
1.597 0.5 0.5 0.5 0.5 0.5
1.598 0.5 0.5 0.5 0.5 0.5
1.599 0.5 0.5 0.5 0.5 0.5
1.6 0.5 0.5 0.5 0.5 0.5
1.601 0.5 0.5 0.5 0.5 0.5
1.602 0.5 0.5 0.5 0.5 0.5
1.603 0.5 0.5 0.5 0.5 0.5
1.604 0.5 0.5 0.5 0.5 0.5
1.605 0.5 0.5 0.5 0.5 0.5
1.606 0.5 0.5 0.5 0.5 0.5
1.607 0.5 0.5 0.5 0.5 0.5
1.608 0.5 0.5 0.5 0.5 0.5
1.609 0.5 0.5 0.5 0.5 0.5
1.61 0.5 0.5 0.5 0.5 0.5
1.611 0.5 0.5 0.5 0.5 0.5
1.612 0.5 0.5 0.5 0.5 0.5
1.613 0.5 0.5 0.5 0.5 0.5
1.614 0.5 0.5 0.5 0.5 0.5
1.615 0.5 0.5 0.5 0.5 0.5
1.616 0.5 0.5 0.5 0.5 0.5
1.617 0.5 0.5 0.5 0.5 0.5
1.618 0.5 0.5 0.5 0.5 0.5
1.619 0.5 0.5 0.5 0.5 0.5
1.62 0.5 0.5 0.5 0.5 0.5
1.621 0.5 0.5 0.5 0.5 0.5
1.622 0.5 0.5 0.5 0.5 0.5
1.623 0.5 0.5 0.5 0.5 0.5
1.624 0.5 0.5 0.5 0.5 0.5
1.625 0.5 0.5 0.5 0.5 0.5
1.626 0.5 0.5 0.5 0.5 0.5
1.627 0.5 0.5 0.5 0.5 0.5
1.628 0.5 0.5 0.5 0.5 0.5
1.629 0.5 0.5 0.5 0.5 0.5
1.63 0.5 0.5 0.5 0.5 0.5
1.631 0.5 0.5 0.5 0.5 0.5
1.632 0.5 0.5 0.5 0.5 0.5
1.633 0.5 0.5 0.5 0.5 0.5
1.634 0.5 0.5 0.5 0.5 0.5
1.635 0.5 0.5 0.5 0.5 0.5
1.636 0.5 0.5 0.5 0.5 0.5
1.637 0.5 0.5 0.5 0.5 0.5
1.638 0.5 0.5 0.5 0.5 0.5
1.639 0.5 0.5 0.5 0.5 0.5
1.64 0.5 0.5 0.5 0.5 0.5
1.641 0.5 0.5 0.5 0.5 0.5
1.642 0.5 0.5 0.5 0.5 0.5
1.643 0.5 0.5 0.5 0.5 0.5
1.644 0.5 0.5 0.5 0.5 0.5
1.645 0.5 0.5 0.5 0.5 0.5
1.646 0.5 0.5 0.5 0.5 0.5
1.647 0.5 0.5 0.5 0.5 0.5
1.648 0.5 0.5 0.5 0.5 0.5
1.649 0.5 0.5 0.5 0.5 0.5
1.65 0.5 0.5 0.5 0.5 0.5
1.651 0.5 0.5 0.5 0.5 0.5
1.652 0.5 0.5 0.5 0.5 0.5
1.653 0.5 0.5 0.5 0.5 0.5
1.654 0.5 0.5 0.5 0.5 0.5
1.655 0.5 0.5 0.5 0.5 0.5
1.656 0.5 0.5 0.5 0.5 0.5
1.657 0.5 0.5 0.5 0.5 0.5
1.658 0.5 0.5 0.5 0.5 0.5
1.659 0.5 0.5 0.5 0.5 0.5
1.66 0.5 0.5 0.5 0.5 0.5
1.661 0.5 0.5 0.5 0.5 0.5
1.662 0.5 0.5 0.5 0.5 0.5
1.663 0.5 0.5 0.5 0.5 0.5
1.664 0.5 0.5 0.5 0.5 0.5
1.665 0.5 0.5 0.5 0.5 0.5
1.666 0.5 0.5 0.5 0.5 0.5
1.667 0.5 0.5 0.5 0.5 0.5
1.668 0.5 0.5 0.5 0.5 0.5
1.669 0.5 0.5 0.5 0.5 0.5
1.67 0.5 0.5 0.5 0.5 0.5
1.671 0.5 0.5 0.5 0.5 0.5
1.672 0.5 0.5 0.5 0.5 0.5
1.673 0.5 0.5 0.5 0.5 0.5
1.674 0.5 0.5 0.5 0.5 0.5
1.675 0.5 0.5 0.5 0.5 0.5
1.676 0.5 0.5 0.5 0.5 0.5
1.677 0.5 0.5 0.5 0.5 0.5
1.678 0.5 0.5 0.5 0.5 0.5
1.679 0.5 0.5 0.5 0.5 0.5
1.68 0.5 0.5 0.5 0.5 0.5
1.681 0.5 0.5 0.5 0.5 0.5
1.682 0.5 0.5 0.5 0.5 0.5
1.683 0.5 0.5 0.5 0.5 0.5
1.684 0.5 0.5 0.5 0.5 0.5
1.685 0.5 0.5 0.5 0.5 0.5
1.686 0.5 0.5 0.5 0.5 0.5
1.687 0.5 0.5 0.5 0.5 0.5
1.688 0.5 0.5 0.5 0.5 0.5
1.689 0.5 0.5 0.5 0.5 0.5
1.69 0.5 0.5 0.5 0.5 0.5
1.691 0.5 0.5 0.5 0.5 0.5
1.692 0.5 0.5 0.5 0.5 0.5
1.693 0.5 0.5 0.5 0.5 0.5
1.694 0.5 0.5 0.5 0.5 0.5
1.695 0.5 0.5 0.5 0.5 0.5
1.696 0.5 0.5 0.5 0.5 0.5
1.697 0.5 0.5 0.5 0.5 0.5
1.698 0.5 0.5 0.5 0.5 0.5
1.699 0.5 0.5 0.5 0.5 0.5
1.7 0.5 0.5 0.5 0.5 0.5
1.701 0.5 0.5 0.5 0.5 0.5
1.702 0.5 0.5 0.5 0.5 0.5
1.703 0.5 0.5 0.5 0.5 0.5
1.704 0.5 0.5 0.5 0.5 0.5
1.705 0.5 0.5 0.5 0.5 0.5
1.706 0.5 0.5 0.5 0.5 0.5
1.707 0.5 0.5 0.5 0.5 0.5
1.708 0.5 0.5 0.5 0.5 0.5
1.709 0.5 0.5 0.5 0.5 0.5
1.71 0.5 0.5 0.5 0.5 0.5
1.711 0.5 0.5 0.5 0.5 0.5
1.712 0.5 0.5 0.5 0.5 0.5
1.713 0.5 0.5 0.5 0.5 0.5
1.714 0.5 0.5 0.5 0.5 0.5
1.715 0.5 0.5 0.5 0.5 0.5
1.716 0.5 0.5 0.5 0.5 0.5
1.717 0.5 0.5 0.5 0.5 0.5
1.718 0.5 0.5 0.5 0.5 0.5
1.719 0.5 0.5 0.5 0.5 0.5
1.72 0.5 0.5 0.5 0.5 0.5
1.721 0.5 0.5 0.5 0.5 0.5
1.722 0.5 0.5 0.5 0.5 0.5
1.723 0.5 0.5 0.5 0.5 0.5
1.724 0.5 0.5 0.5 0.5 0.5
1.725 0.5 0.5 0.5 0.5 0.5
1.726 0.5 0.5 0.5 0.5 0.5
1.727 0.5 0.5 0.5 0.5 0.5
1.728 0.5 0.5 0.5 0.5 0.5
1.729 0.5 0.5 0.5 0.5 0.5
1.73 0.5 0.5 0.5 0.5 0.5
1.731 0.5 0.5 0.5 0.5 0.5
1.732 0.5 0.5 0.5 0.5 0.5
1.733 0.5 0.5 0.5 0.5 0.5
1.734 0.5 0.5 0.5 0.5 0.5
1.735 0.5 0.5 0.5 0.5 0.5
1.736 0.5 0.5 0.5 0.5 0.5
1.737 0.5 0.5 0.5 0.5 0.5
1.738 0.5 0.5 0.5 0.5 0.5
1.739 0.5 0.5 0.5 0.5 0.5
1.74 0.5 0.5 0.5 0.5 0.5
1.741 0.5 0.5 0.5 0.5 0.5
1.742 0.5 0.5 0.5 0.5 0.5
1.743 0.5 0.5 0.5 0.5 0.5
1.744 0.5 0.5 0.5 0.5 0.5
1.745 0.5 0.5 0.5 0.5 0.5
1.746 0.5 0.5 0.5 0.5 0.5
1.747 0.5 0.5 0.5 0.5 0.5
1.748 0.5 0.5 0.5 0.5 0.5
1.749 0.5 0.5 0.5 0.5 0.5
1.75 0.5 0.5 0.5 0.5 0.5
1.751 0.5 0.5 0.5 0.5 0.5
1.752 0.5 0.5 0.5 0.5 0.5
1.753 0.5 0.5 0.5 0.5 0.5
1.754 0.5 0.5 0.5 0.5 0.5
1.755 0.5 0.5 0.5 0.5 0.5
1.756 0.5 0.5 0.5 0.5 0.5
1.757 0.5 0.5 0.5 0.5 0.5
1.758 0.5 0.5 0.5 0.5 0.5
1.759 0.5 0.5 0.5 0.5 0.5
1.76 0.5 0.5 0.5 0.5 0.5
1.761 0.5 0.5 0.5 0.5 0.5
1.762 0.5 0.5 0.5 0.5 0.5
1.763 0.5 0.5 0.5 0.5 0.5
1.764 0.5 0.5 0.5 0.5 0.5
1.765 0.5 0.5 0.5 0.5 0.5
1.766 0.5 0.5 0.5 0.5 0.5
1.767 0.5 0.5 0.5 0.5 0.5
1.768 0.5 0.5 0.5 0.5 0.5
1.769 0.5 0.5 0.5 0.5 0.5
1.77 0.5 0.5 0.5 0.5 0.5
1.771 0.5 0.5 0.5 0.5 0.5
1.772 0.5 0.5 0.5 0.5 0.5
1.773 0.5 0.5 0.5 0.5 0.5
1.774 0.5 0.5 0.5 0.5 0.5
1.775 0.5 0.5 0.5 0.5 0.5
1.776 0.5 0.5 0.5 0.5 0.5
1.777 0.5 0.5 0.5 0.5 0.5
1.778 0.5 0.5 0.5 0.5 0.5
1.779 0.5 0.5 0.5 0.5 0.5
1.78 0.5 0.5 0.5 0.5 0.5
1.781 0.5 0.5 0.5 0.5 0.5
1.782 0.5 0.5 0.5 0.5 0.5
1.783 0.5 0.5 0.5 0.5 0.5
1.784 0.5 0.5 0.5 0.5 0.5
1.785 0.5 0.5 0.5 0.5 0.5
1.786 0.5 0.5 0.5 0.5 0.5
1.787 0.5 0.5 0.5 0.5 0.5
1.788 0.5 0.5 0.5 0.5 0.5
1.789 0.5 0.5 0.5 0.5 0.5
1.79 0.5 0.5 0.5 0.5 0.5
1.791 0.5 0.5 0.5 0.5 0.5
1.792 0.5 0.5 0.5 0.5 0.5
1.793 0.5 0.5 0.5 0.5 0.5
1.794 0.5 0.5 0.5 0.5 0.5
1.795 0.5 0.5 0.5 0.5 0.5
1.796 0.5 0.5 0.5 0.5 0.5
1.797 0.5 0.5 0.5 0.5 0.5
1.798 0.5 0.5 0.5 0.5 0.5
1.799 0.5 0.5 0.5 0.5 0.5
1.8 0.5 0.5 0.5 0.5 0.5
1.801 0.5 0.5 0.5 0.5 0.5
1.802 0.5 0.5 0.5 0.5 0.5
1.803 0.5 0.5 0.5 0.5 0.5
1.804 0.5 0.5 0.5 0.5 0.5
1.805 0.5 0.5 0.5 0.5 0.5
1.806 0.5 0.5 0.5 0.5 0.5
1.807 0.5 0.5 0.5 0.5 0.5
1.808 0.5 0.5 0.5 0.5 0.5
1.809 0.5 0.5 0.5 0.5 0.5
1.81 0.5 0.5 0.5 0.5 0.5
1.811 0.5 0.5 0.5 0.5 0.5
1.812 0.5 0.5 0.5 0.5 0.5
1.813 0.5 0.5 0.5 0.5 0.5
1.814 0.5 0.5 0.5 0.5 0.5
1.815 0.5 0.5 0.5 0.5 0.5
1.816 0.5 0.5 0.5 0.5 0.5
1.817 0.5 0.5 0.5 0.5 0.5
1.818 0.5 0.5 0.5 0.5 0.5
1.819 0.5 0.5 0.5 0.5 0.5
1.82 0.5 0.5 0.5 0.5 0.5
1.821 0.5 0.5 0.5 0.5 0.5
1.822 0.5 0.5 0.5 0.5 0.5
1.823 0.5 0.5 0.5 0.5 0.5
1.824 0.5 0.5 0.5 0.5 0.5
1.825 0.5 0.5 0.5 0.5 0.5
1.826 0.5 0.5 0.5 0.5 0.5
1.827 0.5 0.5 0.5 0.5 0.5
1.828 0.5 0.5 0.5 0.5 0.5
1.829 0.5 0.5 0.5 0.5 0.5
1.83 0.5 0.5 0.5 0.5 0.5
1.831 0.5 0.5 0.5 0.5 0.5
1.832 0.5 0.5 0.5 0.5 0.5
1.833 0.5 0.5 0.5 0.5 0.5
1.834 0.5 0.5 0.5 0.5 0.5
1.835 0.5 0.5 0.5 0.5 0.5
1.836 0.5 0.5 0.5 0.5 0.5
1.837 0.5 0.5 0.5 0.5 0.5
1.838 0.5 0.5 0.5 0.5 0.5
1.839 0.5 0.5 0.5 0.5 0.5
1.84 0.5 0.5 0.5 0.5 0.5
1.841 0.5 0.5 0.5 0.5 0.5
1.842 0.5 0.5 0.5 0.5 0.5
1.843 0.5 0.5 0.5 0.5 0.5
1.844 0.5 0.5 0.5 0.5 0.5
1.845 0.5 0.5 0.5 0.5 0.5
1.846 0.5 0.5 0.5 0.5 0.5
1.847 0.5 0.5 0.5 0.5 0.5
1.848 0.5 0.5 0.5 0.5 0.5
1.849 0.5 0.5 0.5 0.5 0.5
1.85 0.5 0.5 0.5 0.5 0.5
1.851 0.5 0.5 0.5 0.5 0.5
1.852 0.5 0.5 0.5 0.5 0.5
1.853 0.5 0.5 0.5 0.5 0.5
1.854 0.5 0.5 0.5 0.5 0.5
1.855 0.5 0.5 0.5 0.5 0.5
1.856 0.5 0.5 0.5 0.5 0.5
1.857 0.5 0.5 0.5 0.5 0.5
1.858 0.5 0.5 0.5 0.5 0.5
1.859 0.5 0.5 0.5 0.5 0.5
1.86 0.5 0.5 0.5 0.5 0.5
1.861 0.5 0.5 0.5 0.5 0.5
1.862 0.5 0.5 0.5 0.5 0.5
1.863 0.5 0.5 0.5 0.5 0.5
1.864 0.5 0.5 0.5 0.5 0.5
1.865 0.5 0.5 0.5 0.5 0.5
1.866 0.5 0.5 0.5 0.5 0.5
1.867 0.5 0.5 0.5 0.5 0.5
1.868 0.5 0.5 0.5 0.5 0.5
1.869 0.5 0.5 0.5 0.5 0.5
1.87 0.5 0.5 0.5 0.5 0.5
1.871 0.5 0.5 0.5 0.5 0.5
1.872 0.5 0.5 0.5 0.5 0.5
1.873 0.5 0.5 0.5 0.5 0.5
1.874 0.5 0.5 0.5 0.5 0.5
1.875 0.5 0.5 0.5 0.5 0.5
1.876 0.5 0.5 0.5 0.5 0.5
1.877 0.5 0.5 0.5 0.5 0.5
1.878 0.5 0.5 0.5 0.5 0.5
1.879 0.5 0.5 0.5 0.5 0.5
1.88 0.5 0.5 0.5 0.5 0.5
1.881 0.5 0.5 0.5 0.5 0.5
1.882 0.5 0.5 0.5 0.5 0.5
1.883 0.5 0.5 0.5 0.5 0.5
1.884 0.5 0.5 0.5 0.5 0.5
1.885 0.5 0.5 0.5 0.5 0.5
1.886 0.5 0.5 0.5 0.5 0.5
1.887 0.5 0.5 0.5 0.5 0.5
1.888 0.5 0.5 0.5 0.5 0.5
1.889 0.5 0.5 0.5 0.5 0.5
1.89 0.5 0.5 0.5 0.5 0.5
1.891 0.5 0.5 0.5 0.5 0.5
1.892 0.5 0.5 0.5 0.5 0.5
1.893 0.5 0.5 0.5 0.5 0.5
1.894 0.5 0.5 0.5 0.5 0.5
1.895 0.5 0.5 0.5 0.5 0.5
1.896 0.5 0.5 0.5 0.5 0.5
1.897 0.5 0.5 0.5 0.5 0.5
1.898 0.5 0.5 0.5 0.5 0.5
1.899 0.5 0.5 0.5 0.5 0.5
1.9 0.5 0.5 0.5 0.5 0.5
1.901 0.5 0.5 0.5 0.5 0.5
1.902 0.5 0.5 0.5 0.5 0.5
1.903 0.5 0.5 0.5 0.5 0.5
1.904 0.5 0.5 0.5 0.5 0.5
1.905 0.5 0.5 0.5 0.5 0.5
1.906 0.5 0.5 0.5 0.5 0.5
1.907 0.5 0.5 0.5 0.5 0.5
1.908 0.5 0.5 0.5 0.5 0.5
1.909 0.5 0.5 0.5 0.5 0.5
1.91 0.5 0.5 0.5 0.5 0.5
1.911 0.5 0.5 0.5 0.5 0.5
1.912 0.5 0.5 0.5 0.5 0.5
1.913 0.5 0.5 0.5 0.5 0.5
1.914 0.5 0.5 0.5 0.5 0.5
1.915 0.5 0.5 0.5 0.5 0.5
1.916 0.5 0.5 0.5 0.5 0.5
1.917 0.5 0.5 0.5 0.5 0.5
1.918 0.5 0.5 0.5 0.5 0.5
1.919 0.5 0.5 0.5 0.5 0.5
1.92 0.5 0.5 0.5 0.5 0.5
1.921 0.5 0.5 0.5 0.5 0.5
1.922 0.5 0.5 0.5 0.5 0.5
1.923 0.5 0.5 0.5 0.5 0.5
1.924 0.5 0.5 0.5 0.5 0.5
1.925 0.5 0.5 0.5 0.5 0.5
1.926 0.5 0.5 0.5 0.5 0.5
1.927 0.5 0.5 0.5 0.5 0.5
1.928 0.5 0.5 0.5 0.5 0.5
1.929 0.5 0.5 0.5 0.5 0.5
1.93 0.5 0.5 0.5 0.5 0.5
1.931 0.5 0.5 0.5 0.5 0.5
1.932 0.5 0.5 0.5 0.5 0.5
1.933 0.5 0.5 0.5 0.5 0.5
1.934 0.5 0.5 0.5 0.5 0.5
1.935 0.5 0.5 0.5 0.5 0.5
1.936 0.5 0.5 0.5 0.5 0.5
1.937 0.5 0.5 0.5 0.5 0.5
1.938 0.5 0.5 0.5 0.5 0.5
1.939 0.5 0.5 0.5 0.5 0.5
1.94 0.5 0.5 0.5 0.5 0.5
1.941 0.5 0.5 0.5 0.5 0.5
1.942 0.5 0.5 0.5 0.5 0.5
1.943 0.5 0.5 0.5 0.5 0.5
1.944 0.5 0.5 0.5 0.5 0.5
1.945 0.5 0.5 0.5 0.5 0.5
1.946 0.5 0.5 0.5 0.5 0.5
1.947 0.5 0.5 0.5 0.5 0.5
1.948 0.5 0.5 0.5 0.5 0.5
1.949 0.5 0.5 0.5 0.5 0.5
1.95 0.5 0.5 0.5 0.5 0.5
1.951 0.5 0.5 0.5 0.5 0.5
1.952 0.5 0.5 0.5 0.5 0.5
1.953 0.5 0.5 0.5 0.5 0.5
1.954 0.5 0.5 0.5 0.5 0.5
1.955 0.5 0.5 0.5 0.5 0.5
1.956 0.5 0.5 0.5 0.5 0.5
1.957 0.5 0.5 0.5 0.5 0.5
1.958 0.5 0.5 0.5 0.5 0.5
1.959 0.5 0.5 0.5 0.5 0.5
1.96 0.5 0.5 0.5 0.5 0.5
1.961 0.5 0.5 0.5 0.5 0.5
1.962 0.5 0.5 0.5 0.5 0.5
1.963 0.5 0.5 0.5 0.5 0.5
1.964 0.5 0.5 0.5 0.5 0.5
1.965 0.5 0.5 0.5 0.5 0.5
1.966 0.5 0.5 0.5 0.5 0.5
1.967 0.5 0.5 0.5 0.5 0.5
1.968 0.5 0.5 0.5 0.5 0.5
1.969 0.5 0.5 0.5 0.5 0.5
1.97 0.5 0.5 0.5 0.5 0.5
1.971 0.5 0.5 0.5 0.5 0.5
1.972 0.5 0.5 0.5 0.5 0.5
1.973 0.5 0.5 0.5 0.5 0.5
1.974 0.5 0.5 0.5 0.5 0.5
1.975 0.5 0.5 0.5 0.5 0.5
1.976 0.5 0.5 0.5 0.5 0.5
1.977 0.5 0.5 0.5 0.5 0.5
1.978 0.5 0.5 0.5 0.5 0.5
1.979 0.5 0.5 0.5 0.5 0.5
1.98 0.5 0.5 0.5 0.5 0.5
1.981 0.5 0.5 0.5 0.5 0.5
1.982 0.5 0.5 0.5 0.5 0.5
1.983 0.5 0.5 0.5 0.5 0.5
1.984 0.5 0.5 0.5 0.5 0.5
1.985 0.5 0.5 0.5 0.5 0.5
1.986 0.5 0.5 0.5 0.5 0.5
1.987 0.5 0.5 0.5 0.5 0.5
1.988 0.5 0.5 0.5 0.5 0.5
1.989 0.5 0.5 0.5 0.5 0.5
1.99 0.5 0.5 0.5 0.5 0.5
1.991 0.5 0.5 0.5 0.5 0.5
1.992 0.5 0.5 0.5 0.5 0.5
1.993 0.5 0.5 0.5 0.5 0.5
1.994 0.5 0.5 0.5 0.5 0.5
1.995 0.5 0.5 0.5 0.5 0.5
1.996 0.5 0.5 0.5 0.5 0.5
1.997 0.5 0.5 0.5 0.5 0.5
1.998 0.5 0.5 0.5 0.5 0.5
1.999 0.5 0.5 0.5 0.5 0.5
2 0.5 0.5 0.5 0.5 0.5
